ID,Month,Months,Week,age,city,date,donation,donations,name,priority,severity,time_value,__uuid,count_,timestamp,_RDA_Id
1001,OCT,October,Monday,24,Kalaburagi,12-04-2023,10003.0,1234,Raghu,Severity,Severity,2021-03-16T21:33:37.983000,99035e98-a4a2-4bc9-b490-480574be4b0f,1,2024-03-13T10:13:40.115195,174158244428400001b24ce450
999,mar,august,Friday,26,Portland,12-Oct-98,350.25,3500,Dumpty,Low,WARNING,2022-03-16T21:23:37.983000,3a9e9f2b-2c30-4425-b0ce-3f2a39270054,1,2024-03-13T10:13:40.000081,174158244428400004b24ce450
998,feb,july,Thursday,25,Hyderabad,27-Aug-09,250.75,2500,Dumpty,Moderate,MINOR,2023-03-16T21:18:37.982000,e30db46c-5a2c-4e7e-9d6f-ac30c6565286,1,2024-03-13T10:13:40.000032,174158244428400003b24ce450
1000,apr,september,Saturday,24,Austin,04-Nov-16,108.28,10000,Bond,Planning,INFORMATION,2024-03-16T21:28:37.983000,17b14853-3382-4286-8480-9e0235a8a95d,1,2024-03-13T10:13:40.000129,174158244428400002b24ce450
979,jul,october,Saturday,26,San Francisco,07-Feb-14,350.25,3500,Dumpty,Low,WARNING,2021-03-16T19:43:37.977000,1003b9bd-5592-4f49-a2e6-f749d4a2dfd1,1,2024-03-13T10:13:39.999029,174158244428400023b24ce450
983,nov,april,Wednesday,25,Hyderabad,07-Feb-14,250.75,2500,Dumpty,Moderate,MINOR,2024-03-16T20:03:37.978000,2bf2e599-2178-4f9f-a4d5-73c566f7026a,1,2024-03-13T10:13:39.999254,174158244428400022b24ce450
980,aug,january,Sunday,26,Portland,29-Sep-23,350.25,3500,Bond,Planning,INFORMATION,2024-03-16T19:48:37.978000,1c5bf82c-c6b6-4cf6-ab93-f83bd1c62afe,1,2024-03-13T10:13:39.999096,174158244428400021b24ce450
981,sep,february,Monday,24,Hyderabad,22-Jun-17,108.28,10000,Dumpty,Critical,CRITICAL,2024-03-16T19:53:37.978000,4e602ed2-21f0-49b1-9628-ac43b1d2a511,1,2024-03-13T10:13:39.999151,174158244428400020b24ce450
982,oct,march,Tuesday,24,Austin,01-Jul-12,108.28,10000,James,High,MAJOR,2024-03-16T19:58:37.978000,77ad9876-6f6f-4a04-ba44-1f4d018f20ca,1,2024-03-13T10:13:39.999203,174158244428400019b24ce450
987,mar,august,Sunday,26,San Francisco,07-Feb-14,350.25,3500,Doe,High,MAJOR,2024-03-16T20:23:37.979000,e6c8d268-dc70-4253-b229-71be24a32e46,1,2024-03-13T10:13:39.999455,174158244428400018b24ce450
984,dec,may,Thursday,26,San Francisco,29-Sep-23,350.25,3500,Dumpty,Low,WARNING,2024-03-16T20:08:37.979000,9aef8afa-f51f-4ec7-a74c-4b6c6378b2a8,1,2024-03-13T10:13:39.999302,174158244428400017b24ce450
985,jan,june,Friday,25,Hyderabad,22-Jun-17,250.75,2500,Bond,Planning,INFORMATION,2024-03-16T20:13:37.979000,e2072720-8c1a-4c26-b434-9f138f94c344,1,2024-03-13T10:13:39.999357,174158244428400016b24ce450
986,feb,july,Saturday,26,San Francisco,01-Jul-12,350.25,3500,Dumpty,Critical,CRITICAL,2024-03-16T20:18:37.979000,d7146b29-57bd-4d9c-8bcb-cddbdf7f9e5c,1,2024-03-13T10:13:39.999407,174158244428400015b24ce450
991,jul,december,Thursday,25,San Francisco,14-Mar-15,250.75,2500,James,Critical,CRITICAL,2024-03-16T20:43:37.980000,feaf9618-92e7-4e9c-bfd2-516d60277b3a,1,2024-03-13T10:13:39.999671,174158244428400014b24ce450
988,apr,september,Monday,25,Hyderabad,29-Sep-23,250.75,2500,Dumpty,Moderate,MINOR,2024-03-16T20:28:37.980000,90eb8063-a63d-4823-a623-a8878b56ce03,1,2024-03-13T10:13:39.999506,174158244428400013b24ce450
989,may,october,Tuesday,25,Austin,05-Jan-13,250.75,2500,Humpty,Low,WARNING,2024-03-16T20:33:37.980000,818ebb85-45b9-4074-ad0c-08a597ae004d,1,2024-03-13T10:13:39.999556,174158244428400012b24ce450
990,jun,november,Wednesday,25,Portland,19-Apr-19,250.75,2500,Dumpty,Planning,INFORMATION,2024-03-16T20:38:37.980000,34f996f7-a88e-437f-8b42-76517fe433f7,1,2024-03-13T10:13:39.999604,174158244428400011b24ce450
995,nov,april,Monday,26,Austin,22-Jun-17,350.25,3500,Dumpty,Planning,INFORMATION,2024-03-16T21:03:37.982000,c8763935-6b54-47bb-b3a3-6cb3acbaaf65,1,2024-03-13T10:13:39.999879,174158244428400010b24ce450
992,aug,january,Friday,26,Portland,29-Sep-22,350.25,3500,James,High,MAJOR,2024-03-16T20:48:37.981000,168e92da-cebe-4d0f-9ffe-d94b28aaaa6a,1,2024-03-13T10:13:39.999726,174158244428400009b24ce450
993,sep,february,Saturday,24,Hyderabad,07-Feb-14,108.28,10000,Doe,Moderate,MINOR,2024-03-16T20:53:37.981000,98878a16-14b5-44ed-82c1-fb077df9a9c6,1,2024-03-13T10:13:39.999775,174158244428400008b24ce450
994,oct,march,Sunday,26,San Francisco,29-Sep-23,350.25,3500,Humpty,Low,WARNING,2024-03-16T20:58:37.981000,a460ab01-33eb-4bf8-8153-bd7af0b13fd5,1,2024-03-13T10:13:39.999829,174158244428400007b24ce450
996,dec,may,Tuesday,26,Portland,01-Jul-12,350.25,3500,Humpty,Critical,CRITICAL,2024-03-16T21:08:37.982000,842ec9ff-d88a-4031-a977-ca2e05c86289,1,2024-03-13T10:13:39.999931,174158244428400006b24ce450
997,jan,june,Wednesday,25,Hyderabad,20-May-19,250.75,2500,Doe,High,MAJOR,2024-03-16T21:13:37.982000,236c6bec-e72a-4093-bed1-a7eb330df262,1,2024-03-13T10:13:39.999980,174158244428400005b24ce450
963,mar,may,Thursday,24,San Francisco,19-Apr-19,108.28,10000,James,Moderate,MINOR,2024-03-16T18:23:37.973000,2dbd4b03-a82c-4833-87e4-d78837e77c62,1,2024-03-13T10:13:39.998132,174158244428400041b24ce450
961,jan,march,Tuesday,25,San Francisco,25-Dec-23,250.75,2500,John,Critical,CRITICAL,2024-03-16T18:13:37.972000,63a278a7-5f83-4c0e-9615-5ae3e74bad10,1,2024-03-13T10:13:39.998031,174158244428400040b24ce450
962,feb,april,Wednesday,25,Portland,05-Jan-13,250.75,2500,Dumpty,High,MAJOR,2024-03-16T18:18:37.973000,6dee664c-bfa7-4eba-b9e2-916aafbf8a37,1,2024-03-13T10:13:39.998084,174158244428400039b24ce450
967,jul,september,Monday,25,Austin,29-Sep-23,250.75,2500,Humpty,High,MAJOR,2024-03-16T18:43:37.974000,7fbb32e8-c8ff-4bee-a8be-cc25eaa41f1a,1,2024-03-13T10:13:39.998411,174158244428400038b24ce450
964,apr,june,Friday,25,Austin,14-Mar-15,250.75,2500,Dumpty,Low,WARNING,2024-03-16T18:28:37.973000,8563e928-bb01-4607-9bf4-592f77700918,1,2024-03-13T10:13:39.998219,174158244428400037b24ce450
965,may,july,Saturday,26,San Francisco,29-Sep-22,350.25,3500,Humpty,Planning,INFORMATION,2024-03-16T18:33:37.973000,5e742b38-19f8-4d8b-b339-919c79a1e543,1,2024-03-13T10:13:39.998291,174158244428400036b24ce450
966,jun,august,Sunday,26,Portland,07-Feb-14,350.25,3500,Doe,Critical,CRITICAL,2024-03-16T18:38:37.974000,0339c328-20ae-478a-ac90-4b5045b3a622,1,2024-03-13T10:13:39.998344,174158244428400035b24ce450
971,nov,january,Friday,24,Austin,07-Feb-14,108.28,10000,Doe,Critical,CRITICAL,2024-03-16T19:03:37.975000,63332399-0c15-45db-8e4c-eacea58153de,1,2024-03-13T10:13:39.998634,174158244428400034b24ce450
968,aug,october,Tuesday,25,Hyderabad,22-Jun-17,250.75,2500,Humpty,Moderate,MINOR,2024-03-16T18:48:37.974000,cad064d4-0016-42af-8eae-973600c3833b,1,2024-03-13T10:13:39.998481,174158244428400033b24ce450
969,sep,november,Wednesday,24,Hyderabad,14-Mar-15,108.28,10000,Bond,Low,WARNING,2024-03-16T18:53:37.974000,6a423234-be07-4096-aac1-65b11822d3ee,1,2024-03-13T10:13:39.998533,174158244428400032b24ce450
970,oct,december,Thursday,26,Portland,29-Sep-22,350.25,3500,John,Planning,INFORMATION,2024-03-16T18:58:37.975000,a2444f53-7629-4f87-9fa8-acd0284c01f9,1,2024-03-13T10:13:39.998581,174158244428400031b24ce450
975,mar,may,Tuesday,25,Portland,07-Feb-14,250.75,2500,Humpty,Planning,INFORMATION,2024-03-16T19:23:37.976000,2ad96f79-1cce-4612-adf4-47b2c9a82d61,1,2024-03-13T10:13:39.998833,174158244428400030b24ce450
972,dec,february,Saturday,24,San Francisco,29-Sep-23,108.28,10000,John,High,MAJOR,2024-03-16T19:08:37.975000,2c4bc04f-f8cc-493a-a6c7-e814d4aab1c6,1,2024-03-13T10:13:39.998684,174158244428400029b24ce450
973,jan,march,Sunday,26,Hyderabad,22-Jun-17,350.25,3500,Dumpty,Moderate,MINOR,2024-03-16T19:13:37.976000,c2c918d0-9997-4b4e-8bb6-620835510416,1,2024-03-13T10:13:39.998733,174158244428400028b24ce450
974,feb,april,Monday,25,Portland,01-Jul-12,250.75,2500,Dumpty,Low,WARNING,2024-03-16T19:18:37.976000,72e43dac-d6a7-41ae-a236-68097c207784,1,2024-03-13T10:13:39.998784,174158244428400027b24ce450
976,apr,june,Wednesday,25,Hyderabad,29-Sep-23,250.75,2500,Humpty,Critical,CRITICAL,2024-03-16T19:28:37.976000,192db5de-c757-46c4-9f69-822944f83beb,1,2024-03-13T10:13:39.998881,174158244428400026b24ce450
977,may,july,Thursday,25,Hyderabad,22-Jun-17,250.75,2500,Humpty,High,MAJOR,2024-03-16T19:33:37.977000,ae112357-2df9-446e-bbf9-6816468eb0d8,1,2024-03-13T10:13:39.998933,174158244428400025b24ce450
978,jun,september,Friday,26,Portland,01-Jul-12,350.25,3500,Humpty,Moderate,MINOR,2024-03-16T19:38:37.977000,e351f58e-87c3-4b0a-93c3-2b3403bd6cf1,1,2024-03-13T10:13:39.998982,174158244428400024b24ce450
947,nov,april,Tuesday,25,Portland,29-Sep-22,250.75,2500,Humpty,High,MAJOR,2024-03-16T17:03:37.968000,c196c467-a22b-49df-b610-f989c475101e,1,2024-03-13T10:13:39.997301,174158244428400057b24ce450
945,sep,february,Sunday,25,Hyderabad,19-Apr-19,250.75,2500,Bond,Planning,INFORMATION,2024-03-16T16:53:37.968000,71fffb80-be8c-4dea-b8e6-e8aa411a7d36,1,2024-03-13T10:13:39.997196,174158244428400056b24ce450
946,oct,march,Monday,26,San Francisco,14-Mar-15,350.25,3500,Humpty,Critical,CRITICAL,2024-03-16T16:58:37.968000,08155080-2cc4-42eb-9f3b-5762a16311d2,1,2024-03-13T10:13:39.997252,174158244428400055b24ce450
951,mar,august,Saturday,25,San Francisco,14-Mar-15,250.75,2500,Bond,Critical,CRITICAL,2024-03-16T17:23:37.970000,8da53243-1e65-4a8f-8ad3-aa9e2475b64a,1,2024-03-13T10:13:39.997492,174158244428400054b24ce450
948,dec,may,Wednesday,24,Portland,07-Feb-14,108.28,10000,Humpty,Moderate,MINOR,2024-03-16T17:08:37.969000,917004cc-7f7e-4b08-992a-b8c6a9925e19,1,2024-03-13T10:13:39.997349,174158244428400053b24ce450
949,jan,june,Thursday,25,San Francisco,29-Sep-23,250.75,2500,Doe,Low,WARNING,2024-03-16T17:13:37.969000,0dbe85a4-831f-40e5-8c22-f42715364996,1,2024-03-13T10:13:39.997397,174158244428400052b24ce450
950,feb,july,Friday,25,San Francisco,22-Jun-17,250.75,2500,Bond,Planning,INFORMATION,2024-03-16T17:18:37.969000,dd428627-6eba-4449-8222-5dc7b615ca27,1,2024-03-13T10:13:39.997445,174158244428400051b24ce450
955,jul,december,Wednesday,24,Hyderabad,22-Jun-17,108.28,10000,James,Planning,INFORMATION,2024-03-16T17:43:37.971000,3aad1d2d-eae0-454d-9def-5035509ccd96,1,2024-03-13T10:13:39.997714,174158244428400050b24ce450
952,apr,september,Sunday,25,San Francisco,29-Sep-22,250.75,2500,Humpty,High,MAJOR,2024-03-16T17:28:37.970000,c25d363e-7fd8-49c8-a98d-1f68e0e55261,1,2024-03-13T10:13:39.997565,174158244428400049b24ce450
953,may,october,Monday,26,Austin,07-Feb-14,350.25,3500,John,Moderate,MINOR,2024-03-16T17:33:37.970000,a96f5361-6fbb-4551-847c-f40e7e9a80be,1,2024-03-13T10:13:39.997618,174158244428400048b24ce450
954,jun,november,Tuesday,25,San Francisco,29-Sep-23,250.75,2500,John,Low,WARNING,2024-03-16T17:38:37.970000,ccaab90f-1237-48c6-8a42-12ac7635108f,1,2024-03-13T10:13:39.997666,174158244428400047b24ce450
959,nov,january,Sunday,24,San Francisco,12-Oct-98,108.28,10000,Doe,Low,WARNING,2024-03-16T18:03:37.972000,5062d69e-49b5-4581-8857-68456c2ab3fb,1,2024-03-13T10:13:39.997917,174158244428400046b24ce450
956,aug,january,Thursday,26,San Francisco,01-Jul-12,350.25,3500,Humpty,Critical,CRITICAL,2024-03-16T17:48:37.971000,afebda24-50b2-43d3-a0f7-437cec674da0,1,2024-03-13T10:13:39.997762,174158244428400045b24ce450
957,sep,february,Friday,24,San Francisco,20-May-19,108.28,10000,Bond,High,MAJOR,2024-03-16T17:53:37.971000,c090ecc8-ed9e-4743-ade7-267ab695578e,1,2024-03-13T10:13:39.997810,174158244428400044b24ce450
958,oct,march,Saturday,24,Austin,27-Aug-09,108.28,10000,James,Moderate,MINOR,2024-03-16T17:58:37.971000,acb4e8cc-733a-4c33-8359-4c0cb7908dc6,1,2024-03-13T10:13:39.997858,174158244428400043b24ce450
960,dec,february,Monday,26,San Francisco,04-Nov-16,350.25,3500,Bond,Planning,INFORMATION,2024-03-16T18:08:37.972000,888128e7-fefd-44fa-a0ec-4239c63d99bf,1,2024-03-13T10:13:39.997969,174158244428400042b24ce450
931,jul,february,Sunday,25,San Francisco,05-Jan-13,250.75,2500,Bond,Critical,CRITICAL,2024-03-16T15:43:37.964000,9ee270d0-ba15-477c-89a0-737aabbb2abb,1,2024-03-13T10:13:39.996179,174158244428400073b24ce450
929,may,december,Friday,25,Hyderabad,29-Sep-22,250.75,2500,John,Low,WARNING,2024-03-16T15:33:37.963000,0c2f8150-6c7c-4b17-81ad-21a6f2265735,1,2024-03-13T10:13:39.996055,174158244428400072b24ce450
930,jun,january,Saturday,25,Hyderabad,07-Feb-14,250.75,2500,Dumpty,Planning,INFORMATION,2024-03-16T15:38:37.963000,5d657401-9c08-45f2-8cbc-25b3c80cff85,1,2024-03-13T10:13:39.996122,174158244428400071b24ce450
935,nov,june,Thursday,25,San Francisco,07-Feb-14,250.75,2500,James,Planning,INFORMATION,2024-03-16T16:03:37.965000,9049e17c-b0f1-4b39-b62d-179870f23d2a,1,2024-03-13T10:13:39.996443,174158244428400070b24ce450
932,aug,march,Monday,25,San Francisco,19-Apr-19,250.75,2500,John,High,MAJOR,2024-03-16T15:48:37.964000,7b078a14-babc-4c3a-92a3-e4420a45c753,1,2024-03-13T10:13:39.996269,174158244428400069b24ce450
933,sep,april,Tuesday,26,San Francisco,14-Mar-15,350.25,3500,Dumpty,Moderate,MINOR,2024-03-16T15:53:37.964000,a85fbb2c-2080-4f06-8631-42c5df443561,1,2024-03-13T10:13:39.996333,174158244428400068b24ce450
934,oct,may,Wednesday,25,Portland,29-Sep-22,250.75,2500,Humpty,Low,WARNING,2024-03-16T15:58:37.965000,a2d79292-f565-4292-b3fd-87f22903dc13,1,2024-03-13T10:13:39.996393,174158244428400067b24ce450
939,mar,november,Monday,25,Portland,20-May-19,250.75,2500,Humpty,Low,WARNING,2024-03-16T16:23:37.966000,27a0f00c-2c17-493f-bc3c-536c6404e8dd,1,2024-03-13T10:13:39.996712,174158244428400066b24ce450
936,dec,july,Friday,25,Portland,29-Sep-23,250.75,2500,James,Critical,CRITICAL,2024-03-16T16:08:37.965000,8f7c8d6d-7ad6-45bf-ae3b-f3b8f466a51b,1,2024-03-13T10:13:39.996497,174158244428400065b24ce450
937,jan,september,Saturday,24,Austin,22-Jun-17,108.28,10000,James,High,MAJOR,2024-03-16T16:13:37.965000,bc1801d9-05d3-409f-95c5-b9d7ac42d66a,1,2024-03-13T10:13:39.996575,174158244428400064b24ce450
938,feb,october,Sunday,26,Portland,01-Jul-12,350.25,3500,Bond,Moderate,MINOR,2024-03-16T16:18:37.966000,7737e98b-fef7-4733-9076-6b85eba1cf97,1,2024-03-13T10:13:39.996631,174158244428400063b24ce450
943,jul,march,Friday,25,San Francisco,25-Dec-23,250.75,2500,John,Moderate,MINOR,2024-03-16T16:43:37.967000,e9ac73cb-2b27-47cf-98e2-8682ea4aac7a,1,2024-03-13T10:13:39.996944,174158244428400062b24ce450
940,apr,december,Tuesday,24,San Francisco,27-Aug-09,108.28,10000,Bond,Planning,INFORMATION,2024-03-16T16:28:37.966000,9c68b994-7ebd-439a-832e-c60a0df37cb4,1,2024-03-13T10:13:39.996788,174158244428400061b24ce450
941,may,january,Wednesday,26,San Francisco,12-Oct-98,350.25,3500,Humpty,Critical,CRITICAL,2024-03-16T16:33:37.967000,d1aa5314-d15b-4f39-ad2c-eea07f9561d2,1,2024-03-13T10:13:39.996840,174158244428400060b24ce450
942,jun,february,Thursday,24,Portland,04-Nov-16,108.28,10000,Bond,High,MAJOR,2024-03-16T16:38:37.967000,69f08f4f-9d32-4370-b038-9d91b511b119,1,2024-03-13T10:13:39.996889,174158244428400059b24ce450
944,aug,january,Saturday,24,San Francisco,05-Jan-13,108.28,10000,Humpty,Low,WARNING,2024-03-16T16:48:37.968000,118a7eda-0b25-430d-b06e-ab4df9a0fd8d,1,2024-03-13T10:13:39.996994,174158244428400058b24ce450
911,nov,september,Monday,26,Hyderabad,07-Feb-14,350.25,3500,John,Critical,CRITICAL,2024-03-16T14:03:37.958000,75057eee-49a4-4148-991a-15e38ca46974,1,2024-03-13T10:13:39.995071,174158244428400092b24ce450
910,oct,august,Sunday,24,San Francisco,01-Jul-12,108.28,10000,James,Planning,INFORMATION,2024-03-16T13:58:37.958000,c97341a7-8ebf-45c0-9779-a24eb60b4612,1,2024-03-13T10:13:39.995019,174158244428400091b24ce450
915,mar,january,Friday,24,Hyderabad,14-Mar-15,108.28,10000,Dumpty,Planning,INFORMATION,2024-03-16T14:23:37.959000,6c7ccadd-e3c4-49e1-9b56-b1b1a222ca91,1,2024-03-13T10:13:39.995289,174158244428400090b24ce450
912,dec,october,Tuesday,24,Hyderabad,29-Sep-23,108.28,10000,Humpty,High,MAJOR,2024-03-16T14:08:37.958000,5b366fbd-9824-4019-8658-cc41272013ce,1,2024-03-13T10:13:39.995121,174158244428400089b24ce450
913,jan,november,Wednesday,24,Hyderabad,05-Jan-13,108.28,10000,Humpty,Moderate,MINOR,2024-03-16T14:13:37.959000,f6dc4c21-7305-45b5-9a7b-760c29030f51,1,2024-03-13T10:13:39.995174,174158244428400088b24ce450
914,feb,december,Thursday,25,San Francisco,19-Apr-19,250.75,2500,Humpty,Low,WARNING,2024-03-16T14:18:37.959000,5397f8d1-3546-4c90-a727-94f5f1bfc871,1,2024-03-13T10:13:39.995237,174158244428400087b24ce450
919,jul,february,Tuesday,26,Portland,22-Jun-17,350.25,3500,John,Low,WARNING,2024-03-16T14:43:37.960000,727b6838-1e9d-443b-859c-8775d3ee2f1a,1,2024-03-13T10:13:39.995514,174158244428400086b24ce450
916,apr,february,Saturday,24,San Francisco,29-Sep-22,108.28,10000,John,Critical,CRITICAL,2024-03-16T14:28:37.959000,b6bc5c2b-a9ee-4724-a6e5-8475ef7924c3,1,2024-03-13T10:13:39.995345,174158244428400085b24ce450
917,may,march,Sunday,25,San Francisco,07-Feb-14,250.75,2500,James,High,MAJOR,2024-03-16T14:33:37.960000,10c71ab5-85ed-4f9f-9412-76580b5c5adc,1,2024-03-13T10:13:39.995396,174158244428400084b24ce450
918,jun,january,Monday,24,Hyderabad,29-Sep-23,108.28,10000,Humpty,Moderate,MINOR,2024-03-16T14:38:37.960000,e92d8b45-0486-4e2e-af45-d1e1e56986af,1,2024-03-13T10:13:39.995450,174158244428400083b24ce450
923,nov,june,Saturday,24,Portland,12-Oct-98,108.28,10000,John,Moderate,MINOR,2024-03-16T15:03:37.961000,12b96251-6043-442b-a773-f0f221582fa6,1,2024-03-13T10:13:39.995721,174158244428400082b24ce450
920,aug,march,Wednesday,25,Portland,01-Jul-12,250.75,2500,Bond,Planning,INFORMATION,2024-03-16T14:48:37.961000,c6cb6dbe-c057-43b5-9e4a-17a8fe00eff2,1,2024-03-13T10:13:39.995567,174158244428400081b24ce450
921,sep,april,Thursday,25,San Francisco,20-May-19,250.75,2500,Humpty,Critical,CRITICAL,2024-03-16T14:53:37.961000,e74e61a0-3214-4947-aa1f-b3d852263d73,1,2024-03-13T10:13:39.995617,174158244428400080b24ce450
922,oct,may,Friday,25,Portland,27-Aug-09,250.75,2500,Dumpty,High,MAJOR,2024-03-16T14:58:37.961000,c36f95c4-984e-4caa-a9d4-25aadfa0a285,1,2024-03-13T10:13:39.995666,174158244428400079b24ce450
927,mar,october,Wednesday,25,Hyderabad,19-Apr-19,250.75,2500,Dumpty,High,MAJOR,2024-03-16T15:23:37.963000,82f57377-6d8e-4b0f-b2e9-df1ab1a7647e,1,2024-03-13T10:13:39.995922,174158244428400078b24ce450
924,dec,july,Sunday,24,Hyderabad,04-Nov-16,108.28,10000,James,Low,WARNING,2024-03-16T15:08:37.962000,47eb6c1a-4d28-4833-9696-9f1fc536c97c,1,2024-03-13T10:13:39.995771,174158244428400077b24ce450
925,jan,august,Monday,26,Austin,25-Dec-23,350.25,3500,James,Planning,INFORMATION,2024-03-16T15:13:37.962000,3594586a-2860-48d9-842b-5629ab43a6c1,1,2024-03-13T10:13:39.995822,174158244428400076b24ce450
926,feb,september,Tuesday,25,Portland,05-Jan-13,250.75,2500,James,Critical,CRITICAL,2024-03-16T15:18:37.962000,f5025096-33dd-49bf-8744-d03881a31163,1,2024-03-13T10:13:39.995873,174158244428400075b24ce450
928,apr,november,Thursday,25,Austin,14-Mar-15,250.75,2500,Dumpty,Moderate,MINOR,2024-03-16T15:28:37.963000,f2b1e645-0f70-4016-a874-42a0ab2ac3ee,1,2024-03-13T10:13:39.995971,174158244428400074b24ce450
895,jul,may,Saturday,24,San Francisco,07-Feb-14,108.28,10000,Bond,Planning,INFORMATION,2024-03-16T12:43:37.953000,dbdb90e9-8e2d-4593-bede-f87a4a9df60c,1,2024-03-13T10:13:39.994180,174158244428400110b24ce450
892,apr,february,Wednesday,26,San Francisco,22-Jun-17,350.25,3500,James,High,MAJOR,2024-03-16T12:28:37.952000,298a91d5-82ca-47c4-b324-c82c71570ecf,1,2024-03-13T10:13:39.994006,174158244428400109b24ce450
893,may,march,Thursday,24,San Francisco,14-Mar-15,108.28,10000,James,Moderate,MINOR,2024-03-16T12:33:37.953000,bc9dbee9-7fd0-4ae3-8032-92a1ef923488,1,2024-03-13T10:13:39.994076,174158244428400108b24ce450
894,jun,april,Friday,26,Hyderabad,29-Sep-22,350.25,3500,James,Low,WARNING,2024-03-16T12:38:37.953000,86352099-940f-4a43-9c4c-0a3a7c6f3089,1,2024-03-13T10:13:39.994131,174158244428400107b24ce450
899,nov,september,Wednesday,24,Portland,07-Feb-14,108.28,10000,Doe,Low,WARNING,2024-03-16T13:03:37.954000,5e3a2644-0563-4854-9df4-ac971aaae0c1,1,2024-03-13T10:13:39.994399,174158244428400106b24ce450
896,aug,june,Sunday,24,Austin,29-Sep-23,108.28,10000,Bond,Critical,CRITICAL,2024-03-16T12:48:37.954000,cf2e4cdd-9f54-469a-a7aa-b1b1593a60f5,1,2024-03-13T10:13:39.994228,174158244428400105b24ce450
897,sep,july,Monday,25,Austin,22-Jun-17,250.75,2500,Bond,High,MAJOR,2024-03-16T12:53:37.954000,d2475990-cbd2-42cb-b519-58ad619fe304,1,2024-03-13T10:13:39.994296,174158244428400104b24ce450
898,oct,august,Tuesday,26,San Francisco,01-Jul-12,350.25,3500,Dumpty,Moderate,MINOR,2024-03-16T12:58:37.954000,082a96b2-3175-423b-9eff-ba5d2f872a4c,1,2024-03-13T10:13:39.994350,174158244428400103b24ce450
903,mar,january,Sunday,26,Austin,07-Feb-14,350.25,3500,Humpty,Moderate,MINOR,2024-03-16T13:23:37.955000,8c77d3f9-5d40-4555-97e7-d97815a8348e,1,2024-03-13T10:13:39.994613,174158244428400102b24ce450
900,dec,october,Thursday,26,Hyderabad,29-Sep-23,350.25,3500,John,Planning,INFORMATION,2024-03-16T13:08:37.955000,ce663f0a-af73-40e9-8397-e3425338dd35,1,2024-03-13T10:13:39.994453,174158244428400101b24ce450
901,jan,november,Friday,25,San Francisco,22-Jun-17,250.75,2500,John,Critical,CRITICAL,2024-03-16T13:13:37.955000,e4d1d6d5-dcec-4b22-885f-3e8b467593a4,1,2024-03-13T10:13:39.994507,174158244428400100b24ce450
902,feb,december,Saturday,25,San Francisco,01-Jul-12,250.75,2500,James,High,MAJOR,2024-03-16T13:18:37.955000,291a6482-a9e6-46a9-a2cb-be7eb479a715,1,2024-03-13T10:13:39.994556,174158244428400099b24ce450
907,jul,may,Thursday,26,Austin,07-Feb-14,350.25,3500,James,High,MAJOR,2024-03-16T13:43:37.957000,a8088f77-f0ce-4b22-8044-adddc61b7519,1,2024-03-13T10:13:39.994844,174158244428400098b24ce450
904,apr,february,Monday,25,Portland,29-Sep-23,250.75,2500,Dumpty,Low,WARNING,2024-03-16T13:28:37.956000,92753f3b-a0aa-4da6-90f1-2fc99aa8fe1f,1,2024-03-13T10:13:39.994672,174158244428400097b24ce450
905,may,march,Tuesday,24,Hyderabad,22-Jun-17,108.28,10000,Humpty,Planning,INFORMATION,2024-03-16T13:33:37.956000,e3db7d4e-33a7-49b6-a9bb-651ab810588f,1,2024-03-13T10:13:39.994722,174158244428400096b24ce450
906,jun,april,Wednesday,24,Austin,01-Jul-12,108.28,10000,John,Critical,CRITICAL,2024-03-16T13:38:37.956000,a955716e-a82b-42e5-8c37-2530dc65da5b,1,2024-03-13T10:13:39.994771,174158244428400095b24ce450
908,aug,june,Friday,25,Austin,29-Sep-23,250.75,2500,Bond,Moderate,MINOR,2024-03-16T13:48:37.957000,d623eecd-3d8f-47ea-94fb-f23b11765877,1,2024-03-13T10:13:39.994912,174158244428400094b24ce450
909,sep,july,Saturday,25,Portland,22-Jun-17,250.75,2500,Dumpty,Low,WARNING,2024-03-16T13:53:37.957000,7cd3febd-9947-47fe-ad02-ad2d1a0c3ffc,1,2024-03-13T10:13:39.994966,174158244428400093b24ce450
875,nov,june,Sunday,25,San Francisco,14-Mar-15,250.75,2500,Humpty,Planning,INFORMATION,2024-03-16T11:03:37.947000,2ab143a1-5155-44bf-a9ad-343f6a93e8ef,1,2024-03-13T10:13:39.993091,174158244428400128b24ce450
874,oct,may,Saturday,26,Portland,22-Jun-17,350.25,3500,James,Low,WARNING,2024-03-16T10:58:37.947000,5d6ea120-915b-4298-8a4d-7f6e5a959f0b,1,2024-03-13T10:13:39.993042,174158244428400127b24ce450
879,mar,october,Thursday,25,San Francisco,22-Jun-17,250.75,2500,John,Low,WARNING,2024-03-16T11:23:37.949000,729c99a1-50f9-47b3-826d-ef37fb231ccc,1,2024-03-13T10:13:39.993295,174158244428400126b24ce450
876,dec,july,Monday,25,Austin,29-Sep-22,250.75,2500,Dumpty,Critical,CRITICAL,2024-03-16T11:08:37.948000,f1a30de0-2962-4fcf-9557-59a98f120f33,1,2024-03-13T10:13:39.993140,174158244428400125b24ce450
877,jan,august,Tuesday,25,San Francisco,07-Feb-14,250.75,2500,Dumpty,High,MAJOR,2024-03-16T11:13:37.948000,b713e072-feaf-461f-961a-2c01f37814da,1,2024-03-13T10:13:39.993196,174158244428400124b24ce450
878,feb,september,Wednesday,24,Hyderabad,29-Sep-23,108.28,10000,John,Moderate,MINOR,2024-03-16T11:18:37.948000,d0cd58d9-6999-4bf6-b068-ac2631423603,1,2024-03-13T10:13:39.993246,174158244428400123b24ce450
883,jul,february,Monday,24,Hyderabad,12-Oct-98,108.28,10000,Humpty,Moderate,MINOR,2024-03-16T11:43:37.950000,95764204-0293-46f4-ad99-0833985318d1,1,2024-03-13T10:13:39.993518,174158244428400122b24ce450
880,apr,november,Friday,25,Austin,01-Jul-12,250.75,2500,John,Planning,INFORMATION,2024-03-16T11:28:37.949000,9ebc855a-192a-49e9-a7b6-0bc190ec255a,1,2024-03-13T10:13:39.993346,174158244428400121b24ce450
881,may,december,Saturday,25,Austin,20-May-19,250.75,2500,Bond,Critical,CRITICAL,2024-03-16T11:33:37.949000,4a8946bb-7224-4c24-8286-f8987295ea93,1,2024-03-13T10:13:39.993398,174158244428400120b24ce450
882,jun,january,Sunday,26,Austin,27-Aug-09,350.25,3500,Doe,High,MAJOR,2024-03-16T11:38:37.949000,5ca3a500-8ea2-446b-9d32-1c3de03b74fd,1,2024-03-13T10:13:39.993464,174158244428400119b24ce450
887,nov,june,Friday,25,Austin,19-Apr-19,250.75,2500,James,High,MAJOR,2024-03-16T12:03:37.951000,b22e904e-939f-4924-82b6-51da217d8eb6,1,2024-03-13T10:13:39.993738,174158244428400118b24ce450
884,aug,march,Tuesday,26,Hyderabad,04-Nov-16,350.25,3500,Bond,Low,WARNING,2024-03-16T11:48:37.950000,1aaa3168-7504-475c-8164-87b5506415a9,1,2024-03-13T10:13:39.993573,174158244428400117b24ce450
885,sep,april,Wednesday,24,Austin,25-Dec-23,108.28,10000,Humpty,Planning,INFORMATION,2024-03-16T11:53:37.950000,c2183e4c-7e88-4dbf-9538-10e0a34f8b5d,1,2024-03-13T10:13:39.993625,174158244428400116b24ce450
886,oct,may,Thursday,26,Hyderabad,05-Jan-13,350.25,3500,James,Critical,CRITICAL,2024-03-16T11:58:37.951000,fe9d67df-d510-41b8-ab80-ce60e7475138,1,2024-03-13T10:13:39.993681,174158244428400115b24ce450
891,mar,january,Tuesday,24,San Francisco,29-Sep-23,108.28,10000,Dumpty,Critical,CRITICAL,2024-03-16T12:23:37.952000,9ecc2a32-235d-49b6-a8ed-be8a071a1263,1,2024-03-13T10:13:39.993958,174158244428400114b24ce450
888,dec,july,Saturday,24,San Francisco,14-Mar-15,108.28,10000,Dumpty,Moderate,MINOR,2024-03-16T12:08:37.951000,8a1a6f4c-19ab-483f-91f9-f974f28ea4e5,1,2024-03-13T10:13:39.993787,174158244428400113b24ce450
889,jan,september,Sunday,26,Hyderabad,29-Sep-22,350.25,3500,Doe,Low,WARNING,2024-03-16T12:13:37.951000,2aaf2d05-b8e0-4224-a97e-4ed1d7787a6c,1,2024-03-13T10:13:39.993835,174158244428400112b24ce450
890,feb,october,Monday,25,San Francisco,07-Feb-14,250.75,2500,Humpty,Planning,INFORMATION,2024-03-16T12:18:37.952000,40a6dc2b-aac0-4b70-a129-82ef4cfc831f,1,2024-03-13T10:13:39.993903,174158244428400111b24ce450
867,mar,january,Saturday,25,Portland,25-Dec-23,250.75,2500,Humpty,High,MAJOR,2024-03-16T10:23:37.945000,e68984cb-2d5b-49ed-9f9d-ccb1a57a9422,1,2024-03-13T10:13:39.992661,174158244428400147b24ce450
864,dec,october,Wednesday,24,San Francisco,27-Aug-09,108.28,10000,Dumpty,Low,WARNING,2024-03-16T10:08:37.944000,75c9ba4b-f5cf-44b7-b41b-7f23aee6fc70,1,2024-03-13T10:13:39.992507,174158244428400146b24ce450
865,jan,november,Thursday,25,Hyderabad,12-Oct-98,250.75,2500,Dumpty,Planning,INFORMATION,2024-03-16T10:13:37.945000,15141b6e-f054-4c98-a052-18e26571712c,1,2024-03-13T10:13:39.992557,174158244428400145b24ce450
866,feb,december,Friday,24,San Francisco,04-Nov-16,108.28,10000,James,Critical,CRITICAL,2024-03-16T10:18:37.945000,10ad5f4f-f53f-4432-beb0-408405297edd,1,2024-03-13T10:13:39.992611,174158244428400144b24ce450
855,mar,january,Monday,24,Austin,05-Jan-13,108.28,10000,John,Planning,INFORMATION,2024-03-16T09:23:37.942000,7bb14961-2cbd-4d76-bfa9-4ec42f23813b,1,2024-03-13T10:13:39.992011,174158244428400143b24ce450
859,jul,may,Friday,25,Hyderabad,07-Feb-14,250.75,2500,Humpty,Low,WARNING,2024-03-16T09:43:37.943000,18057674-c16e-4ff5-9638-d8a0e91e6ea4,1,2024-03-13T10:13:39.992249,174158244428400142b24ce450
856,apr,february,Tuesday,24,Portland,19-Apr-19,108.28,10000,John,Critical,CRITICAL,2024-03-16T09:28:37.942000,aba6c58b-407e-482b-9259-b8857c49fccb,1,2024-03-13T10:13:39.992080,174158244428400141b24ce450
857,may,march,Wednesday,24,San Francisco,14-Mar-15,108.28,10000,John,High,MAJOR,2024-03-16T09:33:37.942000,74143e0e-8a29-418c-8db7-ce44b891e972,1,2024-03-13T10:13:39.992135,174158244428400140b24ce450
858,jun,april,Thursday,24,Portland,29-Sep-22,108.28,10000,John,Moderate,MINOR,2024-03-16T09:38:37.943000,36530075-e47b-4700-8bc4-961d7a85510e,1,2024-03-13T10:13:39.992184,174158244428400139b24ce450
863,nov,september,Tuesday,24,Hyderabad,20-May-19,108.28,10000,Dumpty,Moderate,MINOR,2024-03-16T10:03:37.944000,a32743f0-7396-41c9-b14d-0a5b263c107f,1,2024-03-13T10:13:39.992456,174158244428400138b24ce450
860,aug,june,Saturday,25,Hyderabad,29-Sep-23,250.75,2500,Doe,Planning,INFORMATION,2024-03-16T09:48:37.943000,afe7807a-f083-4887-bb35-24b98575676f,1,2024-03-13T10:13:39.992304,174158244428400137b24ce450
861,sep,july,Sunday,24,San Francisco,22-Jun-17,108.28,10000,James,Critical,CRITICAL,2024-03-16T09:53:37.944000,06135d13-3569-4e7d-90e9-350e1c0b0603,1,2024-03-13T10:13:39.992353,174158244428400136b24ce450
862,oct,august,Monday,25,Portland,01-Jul-12,250.75,2500,Bond,High,MAJOR,2024-03-16T09:58:37.944000,52c6700c-2b4f-4d2b-88f4-12d5400c1384,1,2024-03-13T10:13:39.992402,174158244428400135b24ce450
872,aug,march,Thursday,25,Hyderabad,07-Feb-14,250.75,2500,Doe,High,MAJOR,2024-03-16T10:48:37.947000,4c48276c-4c60-483b-b4e9-ed9dc4adeef2,1,2024-03-13T10:13:39.992944,174158244428400134b24ce450
873,sep,april,Friday,24,Hyderabad,29-Sep-23,108.28,10000,Dumpty,Moderate,MINOR,2024-03-16T10:53:37.947000,0e336571-0111-473a-9d00-39b6a9b6347d,1,2024-03-13T10:13:39.992994,174158244428400133b24ce450
871,jul,february,Wednesday,26,Hyderabad,29-Sep-22,350.25,3500,John,Critical,CRITICAL,2024-03-16T10:43:37.946000,d334fc21-dd94-4185-a0c5-61d26cf3b8af,1,2024-03-13T10:13:39.992891,174158244428400132b24ce450
868,apr,february,Sunday,25,San Francisco,05-Jan-13,250.75,2500,Bond,Moderate,MINOR,2024-03-16T10:28:37.945000,7112f77a-a5f8-4850-bec9-fe83fcd87066,1,2024-03-13T10:13:39.992709,174158244428400131b24ce450
869,may,march,Monday,25,Portland,19-Apr-19,250.75,2500,Bond,Low,WARNING,2024-03-16T10:33:37.946000,f1594d1b-ef57-45c3-a82d-c6a9b3033256,1,2024-03-13T10:13:39.992788,174158244428400130b24ce450
870,jun,january,Tuesday,24,Hyderabad,14-Mar-15,108.28,10000,Doe,Planning,INFORMATION,2024-03-16T10:38:37.946000,68e15792-e520-4f6b-b090-5e67360fd998,1,2024-03-13T10:13:39.992842,174158244428400129b24ce450
839,nov,november,Saturday,24,Hyderabad,14-Mar-15,108.28,10000,John,Low,WARNING,2024-03-16T08:03:37.937000,a7bb75c5-afa5-4b74-a781-186cb9202c76,1,2024-03-13T10:13:39.991173,174158244428400165b24ce450
837,sep,september,Thursday,25,Hyderabad,05-Jan-13,250.75,2500,Doe,High,MAJOR,2024-03-16T07:53:37.937000,efcb831e-958b-42c9-b206-c0bc30e2b3f3,1,2024-03-13T10:13:39.991047,174158244428400164b24ce450
838,oct,october,Friday,25,Hyderabad,19-Apr-19,250.75,2500,Bond,Moderate,MINOR,2024-03-16T07:58:37.937000,14a06ef8-bfe9-4e7c-ad53-e4853baea053,1,2024-03-13T10:13:39.991095,174158244428400163b24ce450
843,mar,march,Wednesday,26,Hyderabad,22-Jun-17,350.25,3500,Bond,Moderate,MINOR,2024-03-16T08:23:37.939000,b347dc3b-39b3-40e8-a9ba-598ce9f1bc1d,1,2024-03-13T10:13:39.991378,174158244428400162b24ce450
840,dec,december,Sunday,26,Austin,29-Sep-22,350.25,3500,Doe,Planning,INFORMATION,2024-03-16T08:08:37.938000,bece912f-f3a0-4afd-947e-1888244ded79,1,2024-03-13T10:13:39.991228,174158244428400161b24ce450
841,jan,january,Monday,24,San Francisco,07-Feb-14,108.28,10000,James,Critical,CRITICAL,2024-03-16T08:13:37.938000,9984aa29-2d40-478f-9a46-26af29564c00,1,2024-03-13T10:13:39.991277,174158244428400160b24ce450
842,feb,february,Tuesday,25,Austin,29-Sep-23,250.75,2500,James,High,MAJOR,2024-03-16T08:18:37.938000,cc4edba7-9624-4f51-8e42-bd5159f22e3f,1,2024-03-13T10:13:39.991329,174158244428400159b24ce450
847,jul,july,Sunday,24,Austin,12-Oct-98,108.28,10000,Humpty,High,MAJOR,2024-03-16T08:43:37.940000,cd57bf1a-2ff2-4e9b-b78f-5799961f79ae,1,2024-03-13T10:13:39.991609,174158244428400158b24ce450
844,apr,april,Thursday,25,Austin,01-Jul-12,250.75,2500,James,Low,WARNING,2024-03-16T08:28:37.939000,afebacaa-f779-4f7b-99ad-0dabd63d7c5a,1,2024-03-13T10:13:39.991425,174158244428400157b24ce450
845,may,may,Friday,25,Hyderabad,20-May-19,250.75,2500,Doe,Planning,INFORMATION,2024-03-16T08:33:37.939000,54298815-5b20-4a1a-91e9-29c84d5ae7d4,1,2024-03-13T10:13:39.991504,174158244428400156b24ce450
846,jun,june,Saturday,25,Portland,27-Aug-09,250.75,2500,James,Critical,CRITICAL,2024-03-16T08:38:37.939000,327cd72e-6b25-4a6e-b3a8-b3a3cbf289a4,1,2024-03-13T10:13:39.991561,174158244428400155b24ce450
851,nov,december,Thursday,24,San Francisco,19-Apr-19,108.28,10000,Doe,Critical,CRITICAL,2024-03-16T09:03:37.941000,428c4aa2-1ffb-4caf-a466-4c7ff27cf035,1,2024-03-13T10:13:39.991813,174158244428400154b24ce450
848,aug,september,Monday,26,Hyderabad,04-Nov-16,350.25,3500,Doe,Moderate,MINOR,2024-03-16T08:48:37.940000,5335910f-609d-4b0d-bbec-0a62bc26de79,1,2024-03-13T10:13:39.991662,174158244428400153b24ce450
849,sep,october,Tuesday,25,Portland,25-Dec-23,250.75,2500,Doe,Low,WARNING,2024-03-16T08:53:37.940000,b14bd634-e152-4998-91b8-568baa30521a,1,2024-03-13T10:13:39.991717,174158244428400152b24ce450
850,oct,november,Wednesday,26,Austin,05-Jan-13,350.25,3500,Humpty,Planning,INFORMATION,2024-03-16T08:58:37.941000,d74cc08c-a6d5-4326-a035-135a53561690,1,2024-03-13T10:13:39.991766,174158244428400151b24ce450
852,dec,january,Friday,24,Austin,14-Mar-15,108.28,10000,Dumpty,High,MAJOR,2024-03-16T09:08:37.941000,646494a1-9a35-44be-b8f2-0c414c447ba5,1,2024-03-13T10:13:39.991861,174158244428400150b24ce450
853,jan,february,Saturday,25,Hyderabad,29-Sep-22,250.75,2500,Humpty,Moderate,MINOR,2024-03-16T09:13:37.941000,61cf5c08-5126-4f9a-b066-b8a1bee5fa23,1,2024-03-13T10:13:39.991914,174158244428400149b24ce450
854,feb,march,Sunday,24,Hyderabad,07-Feb-14,108.28,10000,Dumpty,Low,WARNING,2024-03-16T09:18:37.942000,3a309f17-d637-4517-afd8-a2e03550bfdf,1,2024-03-13T10:13:39.991962,174158244428400148b24ce450
827,nov,february,Monday,24,Hyderabad,07-Feb-14,108.28,10000,Humpty,High,MAJOR,2024-03-16T07:03:37.934000,9bff21f0-fee7-47b9-9330-605278aa0dc7,1,2024-03-13T10:13:39.990464,174158244428400182b24ce450
824,aug,november,Friday,24,Austin,29-Sep-23,108.28,10000,Humpty,Low,WARNING,2024-03-16T06:48:37.933000,9311a5b7-a2a1-44b8-9e07-17def96818d2,1,2024-03-13T10:13:39.990236,174158244428400181b24ce450
825,sep,december,Saturday,24,Portland,22-Jun-17,108.28,10000,Doe,Planning,INFORMATION,2024-03-16T06:53:37.934000,e5a98351-3bdf-4d2d-8c60-8d56d9ae69fb,1,2024-03-13T10:13:39.990299,174158244428400180b24ce450
826,oct,january,Sunday,25,San Francisco,01-Jul-12,250.75,2500,John,Critical,CRITICAL,2024-03-16T06:58:37.934000,fc46e168-c89b-4c26-a5f1-35738660f6e1,1,2024-03-13T10:13:39.990351,174158244428400179b24ce450
831,mar,march,Friday,25,Austin,07-Feb-14,250.75,2500,Doe,Critical,CRITICAL,2024-03-16T07:23:37.935000,a74277cd-6ec5-42fb-b41b-bcd169fc4344,1,2024-03-13T10:13:39.990702,174158244428400178b24ce450
828,dec,march,Tuesday,24,Hyderabad,29-Sep-23,108.28,10000,James,Moderate,MINOR,2024-03-16T07:08:37.934000,ab48e629-1303-4313-b9f6-f5aa0ca6a67e,1,2024-03-13T10:13:39.990520,174158244428400177b24ce450
829,jan,january,Wednesday,25,Austin,22-Jun-17,250.75,2500,Bond,Low,WARNING,2024-03-16T07:13:37.935000,3276e998-ff27-4dc8-8014-d2d2844f7846,1,2024-03-13T10:13:39.990569,174158244428400176b24ce450
830,feb,february,Thursday,25,San Francisco,01-Jul-12,250.75,2500,Doe,Planning,INFORMATION,2024-03-16T07:18:37.935000,98bc0716-7d8a-4428-b223-4429dca890fa,1,2024-03-13T10:13:39.990626,174158244428400175b24ce450
835,jul,july,Tuesday,24,Hyderabad,07-Feb-14,108.28,10000,James,Planning,INFORMATION,2024-03-16T07:43:37.936000,c0b39ab1-8171-4ac1-a11c-911cc1ca2e2c,1,2024-03-13T10:13:39.990942,174158244428400174b24ce450
832,apr,april,Saturday,26,Portland,29-Sep-23,350.25,3500,Bond,High,MAJOR,2024-03-16T07:28:37.936000,8a40a29d-bb8a-40f0-8cdc-329dbbfce65e,1,2024-03-13T10:13:39.990778,174158244428400173b24ce450
833,may,may,Sunday,25,Hyderabad,22-Jun-17,250.75,2500,John,Moderate,MINOR,2024-03-16T07:33:37.936000,5ef645ec-a55d-46e2-9a14-bb9989a790f8,1,2024-03-13T10:13:39.990842,174158244428400172b24ce450
834,jun,june,Monday,25,Austin,01-Jul-12,250.75,2500,John,Low,WARNING,2024-03-16T07:38:37.936000,1f6ca912-b2ce-42c8-9746-20fb393d9e12,1,2024-03-13T10:13:39.990893,174158244428400171b24ce450
836,aug,august,Wednesday,26,San Francisco,29-Sep-23,350.25,3500,Bond,Critical,CRITICAL,2024-03-16T07:48:37.937000,89518243-4f95-40fd-ba5e-2172f449be96,1,2024-03-13T10:13:39.990997,174158244428400170b24ce450
823,jul,october,Thursday,26,San Francisco,07-Feb-14,350.25,3500,John,Moderate,MINOR,2024-03-16T06:43:37.933000,36d4bdd5-e2c4-41cf-a9b6-95a14accf965,1,2024-03-13T10:13:39.990183,174158244428400169b24ce450
820,apr,july,Monday,26,Austin,29-Sep-23,350.25,3500,Doe,Planning,INFORMATION,2024-03-16T06:28:37.932000,88acd27a-6aaa-48c5-98e3-c2dd4ec7eb09,1,2024-03-13T10:13:39.990027,174158244428400168b24ce450
821,may,august,Tuesday,25,Portland,22-Jun-17,250.75,2500,Humpty,Critical,CRITICAL,2024-03-16T06:33:37.932000,9743ce27-94f1-48a4-9cfb-7092d827341a,1,2024-03-13T10:13:39.990085,174158244428400167b24ce450
822,jun,september,Wednesday,24,Hyderabad,01-Jul-12,108.28,10000,Bond,High,MAJOR,2024-03-16T06:38:37.933000,cc661171-b046-429e-afd1-b302af1840bd,1,2024-03-13T10:13:39.990135,174158244428400166b24ce450
803,nov,february,Friday,25,Hyderabad,22-Jun-17,250.75,2500,Dumpty,Moderate,MINOR,2024-03-16T05:03:37.927000,b72729fc-704e-44b4-973d-5b10b56b4250,1,2024-03-13T10:13:39.989072,174158244428400200b24ce450
802,oct,january,Thursday,24,Portland,29-Sep-23,108.28,10000,Humpty,High,MAJOR,2024-03-16T04:58:37.927000,14e2e920-08e5-4ef3-8399-0724754e40d8,1,2024-03-13T10:13:39.989025,174158244428400199b24ce450
807,mar,june,Tuesday,24,Austin,12-Oct-98,108.28,10000,Humpty,High,MAJOR,2024-03-16T05:23:37.928000,4f1e06b6-0f18-4e11-9af6-25c1a41c638e,1,2024-03-13T10:13:39.989285,174158244428400198b24ce450
804,dec,march,Saturday,24,Austin,01-Jul-12,108.28,10000,Dumpty,Low,WARNING,2024-03-16T05:08:37.927000,8311e52a-53a1-49a5-a73e-685ed673d040,1,2024-03-13T10:13:39.989119,174158244428400197b24ce450
805,jan,april,Sunday,26,Hyderabad,20-May-19,350.25,3500,Dumpty,Planning,INFORMATION,2024-03-16T05:13:37.928000,8dd328f6-5a3c-4efe-8e31-2d3554b9e998,1,2024-03-13T10:13:39.989169,174158244428400196b24ce450
806,feb,may,Monday,26,Austin,27-Aug-09,350.25,3500,John,Critical,CRITICAL,2024-03-16T05:18:37.928000,5852a405-1dab-46b5-8601-8a6c98ce179e,1,2024-03-13T10:13:39.989230,174158244428400195b24ce450
811,jul,october,Saturday,25,Austin,19-Apr-19,250.75,2500,Dumpty,Critical,CRITICAL,2024-03-16T05:43:37.929000,ff983d03-162b-4d33-85c8-dbfecdfec453,1,2024-03-13T10:13:39.989485,174158244428400194b24ce450
808,apr,july,Wednesday,26,Austin,04-Nov-16,350.25,3500,Humpty,Moderate,MINOR,2024-03-16T05:28:37.929000,46d9e432-c5ed-473d-b4a3-9c66bb7cf44d,1,2024-03-13T10:13:39.989333,174158244428400193b24ce450
809,may,august,Thursday,24,Portland,25-Dec-23,108.28,10000,Dumpty,Low,WARNING,2024-03-16T05:33:37.929000,7654991b-7c35-4c2a-b7fe-39cde8e2af78,1,2024-03-13T10:13:39.989382,174158244428400192b24ce450
810,jun,september,Friday,24,Hyderabad,05-Jan-13,108.28,10000,Doe,Planning,INFORMATION,2024-03-16T05:38:37.929000,f69109b6-e898-44ec-b2a3-177ec10d8910,1,2024-03-13T10:13:39.989429,174158244428400191b24ce450
815,nov,february,Wednesday,24,Hyderabad,29-Sep-23,108.28,10000,John,Planning,INFORMATION,2024-03-16T06:03:37.931000,6522d2b2-aaeb-4376-b19a-18e4e174ab2c,1,2024-03-13T10:13:39.989741,174158244428400190b24ce450
812,aug,november,Sunday,26,Austin,14-Mar-15,350.25,3500,Bond,High,MAJOR,2024-03-16T05:48:37.930000,15c2cac8-ddf7-4ffb-9c4f-6a0240520090,1,2024-03-13T10:13:39.989552,174158244428400189b24ce450
813,sep,december,Monday,24,Hyderabad,29-Sep-22,108.28,10000,Dumpty,Moderate,MINOR,2024-03-16T05:53:37.930000,17f38237-08d0-4cf4-bba2-ca685721b18f,1,2024-03-13T10:13:39.989612,174158244428400188b24ce450
814,oct,january,Tuesday,24,Hyderabad,07-Feb-14,108.28,10000,John,Low,WARNING,2024-03-16T05:58:37.930000,17f4fbb6-9a3f-45ce-bc48-97697f23f7b7,1,2024-03-13T10:13:39.989670,174158244428400187b24ce450
819,mar,june,Sunday,24,Portland,07-Feb-14,108.28,10000,John,Low,WARNING,2024-03-16T06:23:37.932000,a1c7bdd3-8780-45ea-ace8-ea9f3101f89c,1,2024-03-13T10:13:39.989950,174158244428400186b24ce450
816,dec,march,Thursday,26,Austin,22-Jun-17,350.25,3500,Humpty,Critical,CRITICAL,2024-03-16T06:08:37.931000,d801d116-7b13-45e2-806e-6337ad2cd708,1,2024-03-13T10:13:39.989800,174158244428400185b24ce450
817,jan,april,Friday,25,San Francisco,14-Mar-15,250.75,2500,Humpty,High,MAJOR,2024-03-16T06:13:37.931000,24127057-a161-4948-9740-c184d6adb812,1,2024-03-13T10:13:39.989850,174158244428400184b24ce450
818,feb,may,Saturday,24,Portland,29-Sep-22,108.28,10000,James,Moderate,MINOR,2024-03-16T06:18:37.931000,3a714476-fd55-4514-9c4a-9e86fbecd65a,1,2024-03-13T10:13:39.989902,174158244428400183b24ce450
791,nov,november,Sunday,24,San Francisco,25-Dec-23,108.28,10000,Doe,Critical,CRITICAL,2024-03-16T04:03:37.924000,5b010aae-86ba-4855-9795-1da57f10de15,1,2024-03-13T10:13:39.988432,174158244428400214b24ce450
788,aug,august,Thursday,24,Portland,27-Aug-09,108.28,10000,James,Moderate,MINOR,2024-03-16T03:48:37.923000,b8c02388-2074-4cc5-9b55-6d9acd55222e,1,2024-03-13T10:13:39.988067,174158244428400213b24ce450
789,sep,september,Friday,25,Austin,12-Oct-98,250.75,2500,John,Low,WARNING,2024-03-16T03:53:37.923000,723f8511-2e15-41c4-9237-ff2b5c6ec409,1,2024-03-13T10:13:39.988329,174158244428400212b24ce450
790,oct,october,Saturday,26,San Francisco,04-Nov-16,350.25,3500,Doe,Planning,INFORMATION,2024-03-16T03:58:37.924000,9c366aa4-8604-428b-b4c5-b330f51dd4a5,1,2024-03-13T10:13:39.988383,174158244428400211b24ce450
795,mar,march,Thursday,24,Austin,29-Sep-22,108.28,10000,John,Planning,INFORMATION,2024-03-16T04:23:37.925000,d533cf33-3c7e-4192-9b8d-a8642848865b,1,2024-03-13T10:13:39.988660,174158244428400210b24ce450
792,dec,december,Monday,26,Austin,05-Jan-13,350.25,3500,Doe,High,MAJOR,2024-03-16T04:08:37.924000,bc15d669-c49b-420f-a898-884984caa4f5,1,2024-03-13T10:13:39.988490,174158244428400209b24ce450
793,jan,january,Tuesday,24,San Francisco,19-Apr-19,108.28,10000,Dumpty,Moderate,MINOR,2024-03-16T04:13:37.924000,c2fceee7-524f-4f0b-b627-446875ace18b,1,2024-03-13T10:13:39.988561,174158244428400208b24ce450
794,feb,february,Wednesday,25,San Francisco,14-Mar-15,250.75,2500,James,Low,WARNING,2024-03-16T04:18:37.925000,190f42e8-39b0-4c0e-b0ff-4e7cd530e14c,1,2024-03-13T10:13:39.988612,174158244428400207b24ce450
799,jul,july,Monday,24,Hyderabad,14-Mar-15,108.28,10000,Humpty,Low,WARNING,2024-03-16T04:43:37.926000,42e0fdcb-0d22-420b-b0e4-0d3668567cb4,1,2024-03-13T10:13:39.988880,174158244428400206b24ce450
796,apr,april,Friday,26,San Francisco,07-Feb-14,350.25,3500,John,Critical,CRITICAL,2024-03-16T04:28:37.925000,a7aac324-883f-41e8-ae2a-8a94d9a88bd0,1,2024-03-13T10:13:39.988708,174158244428400205b24ce450
797,may,may,Saturday,24,Austin,29-Sep-23,108.28,10000,Bond,High,MAJOR,2024-03-16T04:33:37.926000,4868c17f-cf59-45d9-875c-adc6632b6b0f,1,2024-03-13T10:13:39.988782,174158244428400204b24ce450
798,jun,june,Sunday,26,Portland,22-Jun-17,350.25,3500,James,Moderate,MINOR,2024-03-16T04:38:37.926000,fa3eed02-82c1-4553-989e-774fc02a0e84,1,2024-03-13T10:13:39.988833,174158244428400203b24ce450
800,aug,september,Tuesday,26,Austin,29-Sep-22,350.25,3500,Doe,Planning,INFORMATION,2024-03-16T04:48:37.926000,d065b47d-15ff-42a8-a5cf-9a08a04be9d5,1,2024-03-13T10:13:39.988929,174158244428400202b24ce450
801,sep,october,Wednesday,26,San Francisco,07-Feb-14,350.25,3500,Doe,Critical,CRITICAL,2024-03-16T04:53:37.927000,8ae643aa-b888-47ce-bf60-c7ea232f7f76,1,2024-03-13T10:13:39.988977,174158244428400201b24ce450
771,mar,june,Monday,25,Hyderabad,12-Oct-98,250.75,2500,James,Critical,CRITICAL,2024-03-16T02:23:37.917000,a40d32e3-4ca0-4820-9db1-ab8a8bd88787,1,2024-03-13T10:13:39.987023,174158244428400231b24ce450
775,jul,october,Friday,24,Austin,19-Apr-19,108.28,10000,Humpty,Planning,INFORMATION,2024-03-16T02:43:37.919000,abe9a028-6481-4a8d-a67f-12f819088e8a,1,2024-03-13T10:13:39.987270,174158244428400230b24ce450
772,apr,july,Tuesday,26,San Francisco,04-Nov-16,350.25,3500,Bond,High,MAJOR,2024-03-16T02:28:37.918000,81590caa-5493-4e77-a3c1-6a3e21b3befb,1,2024-03-13T10:13:39.987089,174158244428400229b24ce450
773,may,august,Wednesday,26,Austin,25-Dec-23,350.25,3500,Dumpty,Moderate,MINOR,2024-03-16T02:33:37.918000,6cb5bbca-11f8-45c9-bc0c-cbd758842220,1,2024-03-13T10:13:39.987164,174158244428400228b24ce450
774,jun,september,Thursday,24,San Francisco,05-Jan-13,108.28,10000,Humpty,Low,WARNING,2024-03-16T02:38:37.919000,f51bb228-524c-416a-a9ee-46051a5b075e,1,2024-03-13T10:13:39.987221,174158244428400227b24ce450
779,nov,february,Tuesday,24,San Francisco,05-Jan-13,108.28,10000,Dumpty,Low,WARNING,2024-03-16T03:03:37.921000,82a861ed-f533-4a89-8a45-7c6b9e8a17a7,1,2024-03-13T10:13:39.987531,174158244428400226b24ce450
776,aug,november,Saturday,24,San Francisco,14-Mar-15,108.28,10000,John,Critical,CRITICAL,2024-03-16T02:48:37.919000,971c66c0-8396-4114-8e29-c9b0aea36c38,1,2024-03-13T10:13:39.987338,174158244428400225b24ce450
777,sep,december,Sunday,26,Hyderabad,29-Sep-22,350.25,3500,James,High,MAJOR,2024-03-16T02:53:37.920000,09d33cdb-5054-416c-bfbc-d48f39c46954,1,2024-03-13T10:13:39.987422,174158244428400224b24ce450
778,oct,january,Monday,25,San Francisco,07-Feb-14,250.75,2500,James,Moderate,MINOR,2024-03-16T02:58:37.920000,e5750835-abd4-42f9-a06a-d7be03d7e896,1,2024-03-13T10:13:39.987476,174158244428400223b24ce450
783,mar,march,Saturday,25,Hyderabad,07-Feb-14,250.75,2500,Humpty,Moderate,MINOR,2024-03-16T03:23:37.922000,8264e350-4ba3-4d65-b813-e78274c46b0c,1,2024-03-13T10:13:39.987738,174158244428400222b24ce450
780,dec,march,Wednesday,25,Hyderabad,19-Apr-19,250.75,2500,Dumpty,Planning,INFORMATION,2024-03-16T03:08:37.921000,f2586f5b-3446-4932-8a9b-b514dc9a38a8,1,2024-03-13T10:13:39.987582,174158244428400221b24ce450
781,jan,january,Thursday,26,Portland,14-Mar-15,350.25,3500,John,Critical,CRITICAL,2024-03-16T03:13:37.921000,925a0b41-d7fe-4f63-837b-39cbc692d43c,1,2024-03-13T10:13:39.987630,174158244428400220b24ce450
782,feb,february,Friday,26,Portland,29-Sep-22,350.25,3500,John,High,MAJOR,2024-03-16T03:18:37.921000,c339c569-54fc-4ee0-9303-ca396c9ee404,1,2024-03-13T10:13:39.987685,174158244428400219b24ce450
787,jul,july,Wednesday,24,Portland,20-May-19,108.28,10000,John,High,MAJOR,2024-03-16T03:43:37.923000,6ad70b69-6707-4883-a7b5-de3ef55d7377,1,2024-03-13T10:13:39.987976,174158244428400218b24ce450
784,apr,april,Sunday,26,San Francisco,29-Sep-23,350.25,3500,Humpty,Low,WARNING,2024-03-16T03:28:37.922000,6c1aabbf-1a6c-4ca0-a7ce-a520247941e0,1,2024-03-13T10:13:39.987786,174158244428400217b24ce450
785,may,may,Monday,25,Austin,22-Jun-17,250.75,2500,Dumpty,Planning,INFORMATION,2024-03-16T03:33:37.922000,abb8836a-7943-4f58-958a-ec9f1c4c9902,1,2024-03-13T10:13:39.987863,174158244428400216b24ce450
786,jun,june,Tuesday,24,Hyderabad,01-Jul-12,108.28,10000,John,Critical,CRITICAL,2024-03-16T03:38:37.923000,a14c1f52-7752-42da-a8e2-2144176e0fec,1,2024-03-13T10:13:39.987919,174158244428400215b24ce450
755,nov,april,Saturday,24,Portland,07-Feb-14,108.28,10000,Bond,Planning,INFORMATION,2024-03-16T01:03:37.910000,8cfaa259-b73e-4d68-b8fe-79da33582237,1,2024-03-13T10:13:39.986052,174158244428500248b24ce450
754,oct,march,Friday,24,Hyderabad,01-Jul-12,108.28,10000,Humpty,Low,WARNING,2024-03-16T00:58:37.910000,092df4cc-f1aa-46bf-8dfe-dc97bba01126,1,2024-03-13T10:13:39.986002,174158244428500247b24ce450
759,mar,september,Wednesday,25,Austin,07-Feb-14,250.75,2500,Humpty,Low,WARNING,2024-03-16T01:23:37.912000,d7fdcbdf-e1cf-46f1-a666-00c65c7ef27c,1,2024-03-13T10:13:39.986258,174158244428500246b24ce450
756,dec,may,Sunday,24,Austin,29-Sep-23,108.28,10000,John,Critical,CRITICAL,2024-03-16T01:08:37.911000,687e4d38-ad72-42c1-b2b6-86676e6954ac,1,2024-03-13T10:13:39.986105,174158244428500245b24ce450
757,jan,june,Monday,26,Austin,22-Jun-17,350.25,3500,Humpty,High,MAJOR,2024-03-16T01:13:37.911000,e17fd98b-99bf-44dc-8b9a-610dd0b4e894,1,2024-03-13T10:13:39.986156,174158244428500244b24ce450
758,feb,july,Tuesday,26,Portland,01-Jul-12,350.25,3500,James,Moderate,MINOR,2024-03-16T01:18:37.912000,c16fb303-28d4-422e-bc92-0f2fd929dafa,1,2024-03-13T10:13:39.986205,174158244428500243b24ce450
763,jul,january,Sunday,24,Austin,14-Mar-15,108.28,10000,Humpty,Moderate,MINOR,2024-03-16T01:43:37.913000,4c4e58bb-08b1-42ac-a8e7-4e21287ec198,1,2024-03-13T10:13:39.986495,174158244428500242b24ce450
760,apr,october,Thursday,25,San Francisco,29-Sep-23,250.75,2500,Humpty,Planning,INFORMATION,2024-03-16T01:28:37.912000,ca225ae6-fd72-4480-b7ab-b049eacdec51,1,2024-03-13T10:13:39.986307,174158244428500241b24ce450
761,may,november,Friday,24,Portland,05-Jan-13,108.28,10000,Dumpty,Critical,CRITICAL,2024-03-16T01:33:37.913000,5803cd04-ea8c-4a8c-aed0-bd18efa0c7e4,1,2024-03-13T10:13:39.986357,174158244428500240b24ce450
762,jun,december,Saturday,25,San Francisco,19-Apr-19,250.75,2500,Bond,High,MAJOR,2024-03-16T01:38:37.913000,2620de52-6087-4df1-a4ba-97b24fb21ddc,1,2024-03-13T10:13:39.986438,174158244428500239b24ce450
767,nov,february,Thursday,24,Portland,22-Jun-17,108.28,10000,John,High,MAJOR,2024-03-16T02:03:37.915000,d3164f17-eba1-4b28-b16c-c1a0ceb7d4ee,1,2024-03-13T10:13:39.986701,174158244428500238b24ce450
764,aug,february,Monday,24,Austin,29-Sep-22,108.28,10000,James,Low,WARNING,2024-03-16T01:48:37.914000,3520f94c-3531-47b2-af34-27d2d90af182,1,2024-03-13T10:13:39.986544,174158244428500237b24ce450
765,sep,march,Tuesday,26,Portland,07-Feb-14,350.25,3500,Humpty,Planning,INFORMATION,2024-03-16T01:53:37.915000,4389aed1-8f6d-47d5-ac3e-347659f7c720,1,2024-03-13T10:13:39.986593,174158244428500236b24ce450
766,oct,january,Wednesday,24,Austin,29-Sep-23,108.28,10000,Bond,Critical,CRITICAL,2024-03-16T01:58:37.915000,975273e4-0e42-43ff-8fb5-e0e69ba407c3,1,2024-03-13T10:13:39.986647,174158244428500235b24ce450
768,dec,march,Friday,24,Austin,01-Jul-12,108.28,10000,John,Moderate,MINOR,2024-03-16T02:08:37.916000,98c3472c-119a-4a6f-84ff-14958a213e3e,1,2024-03-13T10:13:39.986781,174158244428500234b24ce450
769,jan,april,Saturday,25,Hyderabad,20-May-19,250.75,2500,John,Low,WARNING,2024-03-16T02:13:37.916000,b82b4d1c-df4f-4177-b64a-5b3cd7f5f9f8,1,2024-03-13T10:13:39.986836,174158244428500233b24ce450
770,feb,may,Sunday,25,San Francisco,27-Aug-09,250.75,2500,Doe,Planning,INFORMATION,2024-03-16T02:18:37.917000,fde418c3-ec46-4c2f-851e-a103bcad4666,1,2024-03-13T10:13:39.986923,174158244428400232b24ce450
739,jul,march,Thursday,26,Austin,29-Sep-23,350.25,3500,Doe,Low,WARNING,2024-03-15T23:43:37.903000,2b123b14-8e18-4bde-83a6-478daf0a2186,1,2024-03-13T10:13:39.985228,174158244428500266b24ce450
736,apr,december,Monday,26,Hyderabad,14-Mar-15,350.25,3500,James,Critical,CRITICAL,2024-03-15T23:28:37.902000,227f42df-889d-46df-907e-58f678e4de62,1,2024-03-13T10:13:39.985044,174158244428500265b24ce450
737,may,january,Tuesday,26,San Francisco,29-Sep-22,350.25,3500,Dumpty,High,MAJOR,2024-03-15T23:33:37.902000,358dfac5-34ec-4557-80e9-94b9f5380d33,1,2024-03-13T10:13:39.985124,174158244428500264b24ce450
738,jun,february,Wednesday,25,Hyderabad,07-Feb-14,250.75,2500,Dumpty,Moderate,MINOR,2024-03-15T23:38:37.903000,ced16ad7-371e-4319-bf9d-d24aae9f12d8,1,2024-03-13T10:13:39.985180,174158244428500263b24ce450
743,nov,april,Monday,26,Hyderabad,07-Feb-14,350.25,3500,Humpty,Moderate,MINOR,2024-03-16T00:03:37.905000,5649b663-fce5-4ee8-a230-cd3b32db27b4,1,2024-03-13T10:13:39.985437,174158244428500262b24ce450
740,aug,january,Friday,24,Austin,22-Jun-17,108.28,10000,James,Planning,INFORMATION,2024-03-15T23:48:37.904000,67bb6af8-4797-4974-ba2c-9a578820f68d,1,2024-03-13T10:13:39.985282,174158244428500261b24ce450
741,sep,february,Saturday,24,Portland,14-Mar-15,108.28,10000,Humpty,Critical,CRITICAL,2024-03-15T23:53:37.904000,823bbcbd-4cb3-4b0a-b861-9f00ebf8340c,1,2024-03-13T10:13:39.985332,174158244428500260b24ce450
742,oct,march,Sunday,24,San Francisco,29-Sep-22,108.28,10000,Bond,High,MAJOR,2024-03-15T23:58:37.905000,b5f56e80-07ad-45ee-8d32-5e824ff883ac,1,2024-03-13T10:13:39.985386,174158244428500259b24ce450
747,mar,august,Friday,24,Portland,07-Feb-14,108.28,10000,James,High,MAJOR,2024-03-16T00:23:37.907000,bedbb045-1036-48d3-a6b6-9b99e465e937,1,2024-03-13T10:13:39.985643,174158244428500258b24ce450
744,dec,may,Tuesday,25,Hyderabad,29-Sep-23,250.75,2500,Dumpty,Low,WARNING,2024-03-16T00:08:37.906000,52a85683-1f7a-44f4-a671-6d92b546407b,1,2024-03-13T10:13:39.985490,174158244428500257b24ce450
745,jan,june,Wednesday,24,Hyderabad,22-Jun-17,108.28,10000,John,Planning,INFORMATION,2024-03-16T00:13:37.906000,0787bf98-6dd5-4655-b0ce-2ca6cf89291c,1,2024-03-13T10:13:39.985540,174158244428500256b24ce450
746,feb,july,Thursday,25,Hyderabad,01-Jul-12,250.75,2500,John,Critical,CRITICAL,2024-03-16T00:18:37.906000,eca6af39-122b-4f72-93dd-1f958a83ab0c,1,2024-03-13T10:13:39.985594,174158244428500255b24ce450
751,jul,december,Tuesday,26,Hyderabad,07-Feb-14,350.25,3500,Dumpty,Critical,CRITICAL,2024-03-16T00:43:37.909000,4cc43bf9-a9cc-45ff-ad03-7e3ae0b1322a,1,2024-03-13T10:13:39.985848,174158244428500254b24ce450
748,apr,september,Saturday,25,Austin,29-Sep-23,250.75,2500,James,Moderate,MINOR,2024-03-16T00:28:37.907000,97e75b48-d654-474a-bb6e-fdacbe1751d8,1,2024-03-13T10:13:39.985692,174158244428500253b24ce450
749,may,october,Sunday,25,Hyderabad,22-Jun-17,250.75,2500,Humpty,Low,WARNING,2024-03-16T00:33:37.908000,5baa92f5-221a-4292-a5f8-35a840c122c7,1,2024-03-13T10:13:39.985745,174158244428500252b24ce450
750,jun,november,Monday,25,Portland,01-Jul-12,250.75,2500,James,Planning,INFORMATION,2024-03-16T00:38:37.908000,93ffe6f7-a55d-40ca-a612-c04714f1aeea,1,2024-03-13T10:13:39.985794,174158244428500251b24ce450
752,aug,january,Wednesday,25,Austin,29-Sep-23,250.75,2500,John,High,MAJOR,2024-03-16T00:48:37.909000,32600d5c-fae9-48cb-b0cf-d835eac3fc19,1,2024-03-13T10:13:39.985899,174158244428500250b24ce450
753,sep,february,Thursday,25,Hyderabad,22-Jun-17,250.75,2500,Bond,Moderate,MINOR,2024-03-16T00:53:37.909000,9f66c7bc-38b3-4a88-8cda-6681863dd64c,1,2024-03-13T10:13:39.985953,174158244428500249b24ce450
719,nov,july,Friday,25,Hyderabad,29-Sep-22,250.75,2500,Doe,Low,WARNING,2024-03-15T22:03:37.894000,0c7b7ff1-866b-4b4f-89ab-8ad38e2a2c25,1,2024-03-13T10:13:39.984102,174158244428500284b24ce450
718,oct,june,Thursday,25,San Francisco,14-Mar-15,250.75,2500,Humpty,Moderate,MINOR,2024-03-15T21:58:37.893000,66334c56-d527-47e2-81ba-ad9428c26974,1,2024-03-13T10:13:39.984047,174158244428500283b24ce450
723,mar,november,Tuesday,24,Austin,14-Mar-15,108.28,10000,Dumpty,Moderate,MINOR,2024-03-15T22:23:37.895000,63fb21cd-7870-49f5-9cc8-959bda25534b,1,2024-03-13T10:13:39.984334,174158244428500282b24ce450
720,dec,august,Saturday,26,Austin,07-Feb-14,350.25,3500,Bond,Planning,INFORMATION,2024-03-15T22:08:37.894000,2380bf08-3c3c-465d-9136-f9a38262d0ba,1,2024-03-13T10:13:39.984152,174158244428500281b24ce450
721,jan,september,Sunday,26,San Francisco,29-Sep-23,350.25,3500,Bond,Critical,CRITICAL,2024-03-15T22:13:37.894000,73e6dff4-225f-46d8-9662-f6e40c012ec3,1,2024-03-13T10:13:39.984230,174158244428500280b24ce450
722,feb,october,Monday,26,Austin,22-Jun-17,350.25,3500,Doe,High,MAJOR,2024-03-15T22:18:37.895000,b1f8648e-de38-4999-a1f3-0f468b73bc2c,1,2024-03-13T10:13:39.984285,174158244428500279b24ce450
727,jul,march,Saturday,24,San Francisco,22-Jun-17,108.28,10000,John,High,MAJOR,2024-03-15T22:43:37.897000,85a41b95-9332-442f-bc95-acb9ca8788c0,1,2024-03-13T10:13:39.984557,174158244428500278b24ce450
724,apr,december,Wednesday,25,Hyderabad,29-Sep-22,250.75,2500,Bond,Low,WARNING,2024-03-15T22:28:37.896000,d3e31ed6-c282-4ac8-b1ad-172868d89f2f,1,2024-03-13T10:13:39.984389,174158244428500277b24ce450
725,may,january,Thursday,24,Austin,07-Feb-14,108.28,10000,Humpty,Planning,INFORMATION,2024-03-15T22:33:37.896000,0cfd366d-76e4-4d85-a192-bbd538258dab,1,2024-03-13T10:13:39.984439,174158244428500276b24ce450
726,jun,february,Friday,26,Portland,29-Sep-23,350.25,3500,Humpty,Critical,CRITICAL,2024-03-15T22:38:37.897000,7bdd0997-724e-4ee5-ad1a-70be0b26bf81,1,2024-03-13T10:13:39.984499,174158244428500275b24ce450
731,nov,july,Wednesday,24,Hyderabad,12-Oct-98,108.28,10000,Humpty,Critical,CRITICAL,2024-03-15T23:03:37.899000,11e7c968-ed3e-466c-8c5b-e47e1b58a38b,1,2024-03-13T10:13:39.984785,174158244428500274b24ce450
728,aug,april,Sunday,25,Austin,01-Jul-12,250.75,2500,Bond,Moderate,MINOR,2024-03-15T22:48:37.898000,4ef28871-7a05-4ab9-9cad-12108bdee31c,1,2024-03-13T10:13:39.984608,174158244428500273b24ce450
729,sep,may,Monday,26,Portland,20-May-19,350.25,3500,Doe,Low,WARNING,2024-03-15T22:53:37.898000,afa84d72-6cd1-4342-8068-bb47276f1316,1,2024-03-13T10:13:39.984657,174158244428500272b24ce450
730,oct,june,Tuesday,25,Austin,27-Aug-09,250.75,2500,Bond,Planning,INFORMATION,2024-03-15T22:58:37.899000,07e564eb-01a1-44d6-b263-e6c171f7f5cd,1,2024-03-13T10:13:39.984705,174158244428500271b24ce450
735,mar,november,Sunday,26,Austin,19-Apr-19,350.25,3500,Doe,Planning,INFORMATION,2024-03-15T23:23:37.901000,7cb440f9-1c38-4491-9db8-4ab32fb05987,1,2024-03-13T10:13:39.984996,174158244428500270b24ce450
732,dec,august,Thursday,25,San Francisco,04-Nov-16,250.75,2500,Humpty,High,MAJOR,2024-03-15T23:08:37.900000,7eb061ae-d16b-4d27-99ad-6df7902fb9bb,1,2024-03-13T10:13:39.984840,174158244428500269b24ce450
733,jan,september,Friday,26,Austin,25-Dec-23,350.25,3500,John,Moderate,MINOR,2024-03-15T23:13:37.900000,2367adc0-34aa-4542-bb77-e8adcc652703,1,2024-03-13T10:13:39.984893,174158244428500268b24ce450
734,feb,october,Saturday,25,Portland,05-Jan-13,250.75,2500,James,Low,WARNING,2024-03-15T23:18:37.901000,be122a6d-7af0-430c-87e8-4df2a7733974,1,2024-03-13T10:13:39.984943,174158244428500267b24ce450
703,jul,december,Wednesday,26,Austin,05-Jan-13,350.25,3500,John,Moderate,MINOR,2024-03-15T20:43:37.888000,41d0125f-d986-430a-8cf3-fff3b0c39a2b,1,2024-03-13T10:13:39.983054,174158244428500300b24ce450
702,jun,november,Tuesday,26,Portland,07-Feb-14,350.25,3500,James,High,MAJOR,2024-03-15T20:38:37.887000,ad1de6d0-2323-4a37-bd30-f6c0ae5aeac7,1,2024-03-13T10:13:39.983002,174158244428500299b24ce450
707,nov,april,Sunday,25,Portland,07-Feb-14,250.75,2500,Doe,High,MAJOR,2024-03-15T21:03:37.889000,3d4f167d-69ac-47e5-8262-fe4fb93335d7,1,2024-03-13T10:13:39.983300,174158244428500298b24ce450
704,aug,january,Thursday,25,Hyderabad,19-Apr-19,250.75,2500,Humpty,Low,WARNING,2024-03-15T20:48:37.888000,adb08587-2c28-4cc4-8eec-713c0d89790d,1,2024-03-13T10:13:39.983118,174158244428500297b24ce450
705,sep,february,Friday,24,Austin,14-Mar-15,108.28,10000,James,Planning,INFORMATION,2024-03-15T20:53:37.888000,31133dff-84be-4571-9937-c79015cf0e94,1,2024-03-13T10:13:39.983192,174158244428500296b24ce450
706,oct,march,Saturday,25,Hyderabad,29-Sep-22,250.75,2500,Bond,Critical,CRITICAL,2024-03-15T20:58:37.889000,02027d53-6882-4614-912e-d586d5ca7d77,1,2024-03-13T10:13:39.983246,174158244428500295b24ce450
711,mar,september,Thursday,25,San Francisco,20-May-19,250.75,2500,Bond,Critical,CRITICAL,2024-03-15T21:23:37.891000,1e877b6f-505f-474f-93ce-8fa04d69956f,1,2024-03-13T10:13:39.983560,174158244428500294b24ce450
708,dec,may,Monday,25,San Francisco,29-Sep-23,250.75,2500,James,Moderate,MINOR,2024-03-15T21:08:37.890000,b36e1e71-23e8-4bc0-824f-c00a7c40c2e1,1,2024-03-13T10:13:39.983353,174158244428500293b24ce450
709,jan,june,Tuesday,24,Portland,22-Jun-17,108.28,10000,Humpty,Low,WARNING,2024-03-15T21:13:37.891000,fa99c23f-2c57-4738-9aa6-043bbc478f73,1,2024-03-13T10:13:39.983414,174158244428500292b24ce450
710,feb,july,Wednesday,24,Hyderabad,01-Jul-12,108.28,10000,Dumpty,Planning,INFORMATION,2024-03-15T21:18:37.891000,189ce018-3256-46ed-bc62-5a9da6b221d5,1,2024-03-13T10:13:39.983464,174158244428500291b24ce450
715,jul,march,Monday,25,Hyderabad,25-Dec-23,250.75,2500,Doe,Planning,INFORMATION,2024-03-15T21:43:37.893000,197fb2dc-464d-4b06-927f-5298545b0a41,1,2024-03-13T10:13:39.983843,174158244428500290b24ce450
712,apr,october,Friday,26,Hyderabad,27-Aug-09,350.25,3500,Humpty,High,MAJOR,2024-03-15T21:28:37.892000,9cfb2ecc-d034-49ad-9750-79df0a952a27,1,2024-03-13T10:13:39.983629,174158244428500289b24ce450
713,may,january,Saturday,25,San Francisco,12-Oct-98,250.75,2500,Dumpty,Moderate,MINOR,2024-03-15T21:33:37.892000,d9ea07db-e70a-4d4e-8ddf-6614ea9194c9,1,2024-03-13T10:13:39.983688,174158244428500288b24ce450
714,jun,february,Sunday,24,Portland,04-Nov-16,108.28,10000,Doe,Low,WARNING,2024-03-15T21:38:37.892000,a3baca11-16d7-483e-83be-b4a2344e65fe,1,2024-03-13T10:13:39.983760,174158244428500287b24ce450
716,aug,april,Tuesday,26,Portland,05-Jan-13,350.25,3500,John,Critical,CRITICAL,2024-03-15T21:48:37.893000,f26e8a94-5b87-4c5c-93cc-2088a67e501f,1,2024-03-13T10:13:39.983911,174158244428500286b24ce450
717,sep,may,Wednesday,25,Hyderabad,19-Apr-19,250.75,2500,Doe,High,MAJOR,2024-03-15T21:53:37.893000,defb2d45-c18a-4f0f-b7c0-87a57eb669e5,1,2024-03-13T10:13:39.983990,174158244428500285b24ce450
687,mar,november,Monday,25,Portland,14-Mar-15,250.75,2500,Doe,High,MAJOR,2024-03-15T19:23:37.883000,cb8e1783-ade0-4ed9-9455-ec2515683412,1,2024-03-13T10:13:39.982214,174158244428500318b24ce450
684,dec,august,Friday,26,Portland,29-Sep-23,350.25,3500,John,Low,WARNING,2024-03-15T19:08:37.882000,2c74ec58-1a22-484f-904c-be8f31769477,1,2024-03-13T10:13:39.982062,174158244428500317b24ce450
685,jan,september,Saturday,24,Hyderabad,05-Jan-13,108.28,10000,John,Planning,INFORMATION,2024-03-15T19:13:37.883000,4f116fbb-0060-420e-9332-ce5acaef35da,1,2024-03-13T10:13:39.982117,174158244428500316b24ce450
686,feb,october,Sunday,26,Hyderabad,19-Apr-19,350.25,3500,Bond,Critical,CRITICAL,2024-03-15T19:18:37.883000,7486b65a-0ce3-4aa2-97ea-9939fdfbd13b,1,2024-03-13T10:13:39.982166,174158244428500315b24ce450
691,jul,march,Friday,25,Portland,22-Jun-17,250.75,2500,James,Critical,CRITICAL,2024-03-15T19:43:37.884000,742819fb-a22c-4d9e-a569-e2e2ce3bd6f1,1,2024-03-13T10:13:39.982417,174158244428500314b24ce450
688,apr,december,Tuesday,26,San Francisco,29-Sep-22,350.25,3500,Doe,Moderate,MINOR,2024-03-15T19:28:37.883000,cbb505ec-8872-4d08-88fb-dbd553780a74,1,2024-03-13T10:13:39.982267,174158244428500313b24ce450
689,may,january,Wednesday,25,Portland,07-Feb-14,250.75,2500,Doe,Low,WARNING,2024-03-15T19:33:37.884000,25db0abd-74ae-48db-a1b2-724d0d398db9,1,2024-03-13T10:13:39.982316,174158244428500312b24ce450
690,jun,february,Thursday,24,Austin,29-Sep-23,108.28,10000,Dumpty,Planning,INFORMATION,2024-03-15T19:38:37.884000,96a43700-8d6a-407f-8cf1-7122defa0e65,1,2024-03-13T10:13:39.982364,174158244428500311b24ce450
695,nov,april,Tuesday,25,San Francisco,12-Oct-98,250.75,2500,Dumpty,Planning,INFORMATION,2024-03-15T20:03:37.885000,5be9b71e-0070-4849-8a1e-d7eaadb8f287,1,2024-03-13T10:13:39.982618,174158244428500310b24ce450
692,aug,january,Saturday,24,Hyderabad,01-Jul-12,108.28,10000,John,High,MAJOR,2024-03-15T19:48:37.885000,72725ea7-6b3b-4bda-a119-9260c2c641e7,1,2024-03-13T10:13:39.982471,174158244428500309b24ce450
693,sep,february,Sunday,25,Portland,20-May-19,250.75,2500,James,Moderate,MINOR,2024-03-15T19:53:37.885000,56cd405f-8226-4028-ad86-4c84b0fe34c5,1,2024-03-13T10:13:39.982520,174158244428500308b24ce450
694,oct,march,Monday,25,Hyderabad,27-Aug-09,250.75,2500,James,Low,WARNING,2024-03-15T19:58:37.885000,8c991645-3e49-4368-a89f-8e384df658d0,1,2024-03-13T10:13:39.982570,174158244428500307b24ce450
699,mar,august,Saturday,25,Hyderabad,19-Apr-19,250.75,2500,Bond,Low,WARNING,2024-03-15T20:23:37.887000,4aaf1330-91dc-43ec-9787-cd36ea9f86c3,1,2024-03-13T10:13:39.982822,174158244428500306b24ce450
696,dec,may,Wednesday,24,Hyderabad,04-Nov-16,108.28,10000,John,Critical,CRITICAL,2024-03-15T20:08:37.886000,48a3231a-e96d-4b9b-90a3-040307b6a72a,1,2024-03-13T10:13:39.982671,174158244428500305b24ce450
697,jan,june,Thursday,25,Austin,25-Dec-23,250.75,2500,Bond,High,MAJOR,2024-03-15T20:13:37.886000,42cfd36e-a2cb-4b21-a584-f3e422944199,1,2024-03-13T10:13:39.982720,174158244428500304b24ce450
698,feb,july,Friday,25,Hyderabad,05-Jan-13,250.75,2500,Humpty,Moderate,MINOR,2024-03-15T20:18:37.886000,6cb45a6f-4b10-4720-9e4b-70dc74465980,1,2024-03-13T10:13:39.982773,174158244428500303b24ce450
700,apr,september,Sunday,24,Hyderabad,14-Mar-15,108.28,10000,Dumpty,Planning,INFORMATION,2024-03-15T20:28:37.887000,90792fed-749f-4740-b7ac-5c8ad5c787d0,1,2024-03-13T10:13:39.982875,174158244428500302b24ce450
701,may,october,Monday,24,Austin,29-Sep-22,108.28,10000,Doe,Critical,CRITICAL,2024-03-15T20:33:37.887000,0c51a49e-e568-4f68-8afa-3ab0cb189f83,1,2024-03-13T10:13:39.982946,174158244428500301b24ce450
667,jul,may,Tuesday,26,Austin,07-Feb-14,350.25,3500,Dumpty,High,MAJOR,2024-03-15T17:43:37.877000,388dfa67-a21b-4170-8219-448e7c8ffc6a,1,2024-03-13T10:13:39.981167,174158244428500337b24ce450
665,may,march,Sunday,25,Austin,14-Mar-15,250.75,2500,Bond,Planning,INFORMATION,2024-03-15T17:33:37.877000,42b78c3e-d3b1-4985-8f75-598ed4e0f104,1,2024-03-13T10:13:39.981064,174158244428500336b24ce450
666,jun,april,Monday,24,Austin,29-Sep-22,108.28,10000,Humpty,Critical,CRITICAL,2024-03-15T17:38:37.877000,3d3cc012-c9c4-4c3f-b91b-f7ee8578742c,1,2024-03-13T10:13:39.981118,174158244428500335b24ce450
671,nov,october,Saturday,24,Austin,07-Feb-14,108.28,10000,John,Critical,CRITICAL,2024-03-15T18:03:37.878000,8862f594-da48-4e7d-9e26-225ac8c72d7b,1,2024-03-13T10:13:39.981384,174158244428500334b24ce450
668,aug,june,Wednesday,24,Portland,29-Sep-23,108.28,10000,James,Moderate,MINOR,2024-03-15T17:48:37.878000,24aafb80-74ce-4381-a451-5192e2eace73,1,2024-03-13T10:13:39.981220,174158244428500333b24ce450
669,sep,july,Thursday,26,Portland,22-Jun-17,350.25,3500,Humpty,Low,WARNING,2024-03-15T17:53:37.878000,a2a3e81d-18f8-4273-a65f-a513c0479e75,1,2024-03-13T10:13:39.981269,174158244428500332b24ce450
670,oct,september,Friday,24,Portland,01-Jul-12,108.28,10000,John,Planning,INFORMATION,2024-03-15T17:58:37.878000,44899cec-964f-4c61-8b5c-82990adef1dc,1,2024-03-13T10:13:39.981317,174158244428500331b24ce450
675,mar,february,Wednesday,25,Portland,07-Feb-14,250.75,2500,Doe,Planning,INFORMATION,2024-03-15T18:23:37.880000,79d68409-f603-47cd-8dbe-cab8265d42ed,1,2024-03-13T10:13:39.981590,174158244428500330b24ce450
672,dec,november,Sunday,25,Portland,29-Sep-23,250.75,2500,Bond,High,MAJOR,2024-03-15T18:08:37.879000,fb014fdb-83ee-48db-8475-5159801a6a4f,1,2024-03-13T10:13:39.981438,174158244428500329b24ce450
673,jan,december,Monday,24,Portland,22-Jun-17,108.28,10000,James,Moderate,MINOR,2024-03-15T18:13:37.879000,e692a5a5-4fc3-4bdf-a812-f365c8642006,1,2024-03-13T10:13:39.981487,174158244428500328b24ce450
674,feb,january,Tuesday,24,Portland,01-Jul-12,108.28,10000,Doe,Low,WARNING,2024-03-15T18:18:37.879000,c39911bd-dc26-4ce2-8a5d-5388d2928224,1,2024-03-13T10:13:39.981540,174158244428500327b24ce450
679,jul,march,Sunday,26,San Francisco,07-Feb-14,350.25,3500,Dumpty,Low,WARNING,2024-03-15T18:43:37.881000,8189d0ca-8d74-47cd-9a0c-e6aab4f54338,1,2024-03-13T10:13:39.981789,174158244428500326b24ce450
676,apr,march,Thursday,24,Hyderabad,29-Sep-23,108.28,10000,John,Critical,CRITICAL,2024-03-15T18:28:37.880000,644e13bb-dce3-44ec-bfc9-70740ab5c710,1,2024-03-13T10:13:39.981639,174158244428500325b24ce450
677,may,january,Friday,25,Portland,22-Jun-17,250.75,2500,Doe,High,MAJOR,2024-03-15T18:33:37.880000,f07f3c2d-9a07-4c3e-9f6b-caab9d75a3a8,1,2024-03-13T10:13:39.981689,174158244428500324b24ce450
678,jun,february,Saturday,25,Austin,01-Jul-12,250.75,2500,John,Moderate,MINOR,2024-03-15T18:38:37.881000,47e6b3f9-7009-4d4a-9d93-8b7a2458e2d4,1,2024-03-13T10:13:39.981737,174158244428500323b24ce450
683,nov,july,Thursday,26,Portland,07-Feb-14,350.25,3500,Humpty,Moderate,MINOR,2024-03-15T19:03:37.882000,8ea4c403-5693-4913-aca9-bf5acb28c33c,1,2024-03-13T10:13:39.981994,174158244428500322b24ce450
680,aug,april,Monday,24,Hyderabad,29-Sep-23,108.28,10000,John,Planning,INFORMATION,2024-03-15T18:48:37.881000,08bc1ecb-37a0-478d-b66f-3392b2259695,1,2024-03-13T10:13:39.981839,174158244428500321b24ce450
681,sep,may,Tuesday,26,Austin,22-Jun-17,350.25,3500,Doe,Critical,CRITICAL,2024-03-15T18:53:37.881000,62b69779-84ce-44ea-b6f2-4cfeb37639cb,1,2024-03-13T10:13:39.981887,174158244428500320b24ce450
682,oct,june,Wednesday,24,Austin,01-Jul-12,108.28,10000,Doe,High,MAJOR,2024-03-15T18:58:37.882000,c41924d3-4f8a-4f35-ad8b-d874de684e2d,1,2024-03-13T10:13:39.981941,174158244428500319b24ce450
647,nov,december,Wednesday,24,Portland,14-Mar-15,108.28,10000,Doe,High,MAJOR,2024-03-15T16:03:37.871000,b0302656-e0aa-4460-bfaf-f62a0856e56b,1,2024-03-13T10:13:39.980069,174158244428500356b24ce450
646,oct,november,Tuesday,24,Hyderabad,22-Jun-17,108.28,10000,Dumpty,Critical,CRITICAL,2024-03-15T15:58:37.871000,71f38462-69d3-412c-9468-a52e10b28829,1,2024-03-13T10:13:39.980022,174158244428500355b24ce450
651,mar,january,Sunday,24,Austin,22-Jun-17,108.28,10000,Doe,Critical,CRITICAL,2024-03-15T16:23:37.873000,435c4ee5-6599-4f28-8da2-59d1b4269a02,1,2024-03-13T10:13:39.980275,174158244428500354b24ce450
648,dec,january,Thursday,24,Portland,29-Sep-22,108.28,10000,Doe,Moderate,MINOR,2024-03-15T16:08:37.871000,213450b6-755a-49f9-83ae-5847bf16df58,1,2024-03-13T10:13:39.980116,174158244428500353b24ce450
649,jan,february,Friday,26,San Francisco,07-Feb-14,350.25,3500,Doe,Low,WARNING,2024-03-15T16:13:37.872000,a707f4b5-b31a-4c37-9f27-e226f3d59bc7,1,2024-03-13T10:13:39.980166,174158244428500352b24ce450
650,feb,march,Saturday,25,San Francisco,29-Sep-23,250.75,2500,John,Planning,INFORMATION,2024-03-15T16:18:37.872000,d5bf25a1-bf44-4e78-8189-10539ecf0746,1,2024-03-13T10:13:39.980220,174158244428500351b24ce450
655,jul,may,Thursday,25,San Francisco,12-Oct-98,250.75,2500,John,Planning,INFORMATION,2024-03-15T16:43:37.874000,67c5e538-5efa-4b2c-ac06-2c3577a0a694,1,2024-03-13T10:13:39.980474,174158244428500350b24ce450
652,apr,february,Monday,24,San Francisco,01-Jul-12,108.28,10000,Doe,High,MAJOR,2024-03-15T16:28:37.873000,d5e1776e-b7f1-4053-864c-f181665e1eff,1,2024-03-13T10:13:39.980324,174158244428500349b24ce450
653,may,march,Tuesday,25,Austin,20-May-19,250.75,2500,Bond,Moderate,MINOR,2024-03-15T16:33:37.873000,b5d30f99-e54f-48aa-9c04-773d10d46336,1,2024-03-13T10:13:39.980377,174158244428500348b24ce450
654,jun,april,Wednesday,25,Portland,27-Aug-09,250.75,2500,Humpty,Low,WARNING,2024-03-15T16:38:37.873000,f2ea9d35-028f-44e4-aef1-e54375a78157,1,2024-03-13T10:13:39.980426,174158244428500347b24ce450
659,nov,september,Monday,25,Austin,19-Apr-19,250.75,2500,John,Low,WARNING,2024-03-15T17:03:37.875000,49dec978-8312-4f77-8790-23e0f0a174d6,1,2024-03-13T10:13:39.980682,174158244428500346b24ce450
656,aug,june,Friday,26,Austin,04-Nov-16,350.25,3500,Bond,Critical,CRITICAL,2024-03-15T16:48:37.874000,eda843b1-4c27-4a80-bd3e-a9f40d45fd51,1,2024-03-13T10:13:39.980521,174158244428500345b24ce450
657,sep,july,Saturday,25,Hyderabad,25-Dec-23,250.75,2500,John,High,MAJOR,2024-03-15T16:53:37.874000,e20471e6-2730-496e-b7e9-12ea3ea47ae6,1,2024-03-13T10:13:39.980574,174158244428500344b24ce450
658,oct,august,Sunday,24,Hyderabad,05-Jan-13,108.28,10000,John,Moderate,MINOR,2024-03-15T16:58:37.875000,93091724-6021-42e7-9122-58510f994de0,1,2024-03-13T10:13:39.980623,174158244428500343b24ce450
663,mar,january,Friday,24,Hyderabad,29-Sep-23,108.28,10000,Dumpty,Moderate,MINOR,2024-03-15T17:23:37.876000,2321bc4f-ae89-4937-b517-d8bcd2467613,1,2024-03-13T10:13:39.980945,174158244428500342b24ce450
660,dec,october,Tuesday,24,Austin,14-Mar-15,108.28,10000,Humpty,Planning,INFORMATION,2024-03-15T17:08:37.875000,62e0a23c-4953-4bb2-bcd4-f12104024d93,1,2024-03-13T10:13:39.980788,174158244428500341b24ce450
661,jan,november,Wednesday,26,San Francisco,29-Sep-22,350.25,3500,Humpty,Critical,CRITICAL,2024-03-15T17:13:37.876000,6e71d66e-f889-4dc5-98e0-baef71e9cb31,1,2024-03-13T10:13:39.980843,174158244428500340b24ce450
662,feb,december,Thursday,26,San Francisco,07-Feb-14,350.25,3500,Doe,High,MAJOR,2024-03-15T17:18:37.876000,85c51a5a-1913-441e-b9cc-93cc92726203,1,2024-03-13T10:13:39.980891,174158244428500339b24ce450
664,apr,february,Saturday,24,San Francisco,22-Jun-17,108.28,10000,Doe,Low,WARNING,2024-03-15T17:28:37.876000,57bb2df8-0c78-4d9e-95ed-f9238f931595,1,2024-03-13T10:13:39.980995,174158244428500338b24ce450
635,nov,december,Friday,26,Austin,20-May-19,350.25,3500,Doe,Planning,INFORMATION,2024-03-15T15:03:37.867000,7ca7b653-dffe-4436-b730-62a52c984406,1,2024-03-13T10:13:39.979411,174158244428500369b24ce450
633,sep,october,Wednesday,26,Austin,22-Jun-17,350.25,3500,John,Moderate,MINOR,2024-03-15T14:53:37.867000,643f3aac-86ba-4405-afb1-e8418493e0dd,1,2024-03-13T10:13:39.979291,174158244428500368b24ce450
634,oct,november,Thursday,25,San Francisco,01-Jul-12,250.75,2500,Humpty,Low,WARNING,2024-03-15T14:58:37.867000,a58db1ef-75a7-4964-a584-116a03ee35aa,1,2024-03-13T10:13:39.979358,174158244428500367b24ce450
639,mar,april,Tuesday,25,San Francisco,25-Dec-23,250.75,2500,James,Low,WARNING,2024-03-15T15:23:37.869000,ee40dfc7-8a6c-4c1c-a1fd-14f1be8d4fb0,1,2024-03-13T10:13:39.979681,174158244428500366b24ce450
636,dec,january,Saturday,25,Austin,27-Aug-09,250.75,2500,Doe,Critical,CRITICAL,2024-03-15T15:08:37.868000,c29e04e0-dd7d-4514-b3e0-59bb4eeb995b,1,2024-03-13T10:13:39.979503,174158244428500365b24ce450
637,jan,february,Sunday,26,Austin,12-Oct-98,350.25,3500,Doe,High,MAJOR,2024-03-15T15:13:37.868000,80ee8fe6-8f9c-4ec2-9a27-9ba1424b1658,1,2024-03-13T10:13:39.979557,174158244428500364b24ce450
638,feb,march,Monday,26,Portland,04-Nov-16,350.25,3500,Doe,Moderate,MINOR,2024-03-15T15:18:37.868000,02025233-958e-43ab-89ef-59caf8f39c51,1,2024-03-13T10:13:39.979607,174158244428500363b24ce450
643,jul,august,Saturday,24,Hyderabad,29-Sep-22,108.28,10000,Humpty,Moderate,MINOR,2024-03-15T15:43:37.870000,74a09dfd-1669-41de-8a22-26aa573346f3,1,2024-03-13T10:13:39.979878,174158244428500362b24ce450
640,apr,may,Wednesday,24,Austin,05-Jan-13,108.28,10000,John,Planning,INFORMATION,2024-03-15T15:28:37.869000,8e684273-8b28-4c9d-9d8a-693a795485ae,1,2024-03-13T10:13:39.979734,174158244428500361b24ce450
641,may,june,Thursday,25,Portland,19-Apr-19,250.75,2500,James,Critical,CRITICAL,2024-03-15T15:33:37.869000,2e8c4858-df60-4984-b87a-b9b25df3a58e,1,2024-03-13T10:13:39.979783,174158244428500360b24ce450
642,jun,july,Friday,25,Portland,14-Mar-15,250.75,2500,Doe,High,MAJOR,2024-03-15T15:38:37.870000,6cc5d3b3-6986-418b-9604-d285e46bb29d,1,2024-03-13T10:13:39.979831,174158244428500359b24ce450
644,aug,september,Sunday,24,Portland,07-Feb-14,108.28,10000,John,Low,WARNING,2024-03-15T15:48:37.870000,7d79a8f8-df1f-401e-a28a-4aa83f5d91c6,1,2024-03-13T10:13:39.979925,174158244428500358b24ce450
645,sep,october,Monday,26,San Francisco,29-Sep-23,350.25,3500,Dumpty,Planning,INFORMATION,2024-03-15T15:53:37.871000,4d11d01c-a392-4b8c-bc2f-4633948780a3,1,2024-03-13T10:13:39.979973,174158244428500357b24ce450
619,jul,may,Wednesday,25,Austin,12-Oct-98,250.75,2500,Dumpty,Low,WARNING,2024-03-15T13:43:37.863000,2e098637-fa3a-4699-979d-a164a9ca85db,1,2024-03-13T10:13:39.978243,174158244428500387b24ce450
616,apr,february,Sunday,24,Hyderabad,01-Jul-12,108.28,10000,Humpty,Critical,CRITICAL,2024-03-15T13:28:37.862000,b4170e0b-f8c1-48d0-aa4d-2842d22948c3,1,2024-03-13T10:13:39.978061,174158244428500386b24ce450
617,may,march,Monday,26,Portland,20-May-19,350.25,3500,James,High,MAJOR,2024-03-15T13:33:37.862000,1b9d0602-fbc5-4540-a60c-97409bb28235,1,2024-03-13T10:13:39.978131,174158244428500385b24ce450
618,jun,april,Tuesday,25,Austin,27-Aug-09,250.75,2500,Bond,Moderate,MINOR,2024-03-15T13:38:37.862000,1f4dabf0-6884-49b8-92d1-535df372b011,1,2024-03-13T10:13:39.978190,174158244428500384b24ce450
623,nov,october,Sunday,24,San Francisco,19-Apr-19,108.28,10000,Humpty,Moderate,MINOR,2024-03-15T14:03:37.864000,b908c483-108d-40e8-9129-e3f83d5e5778,1,2024-03-13T10:13:39.978472,174158244428500383b24ce450
620,aug,june,Thursday,26,Austin,04-Nov-16,350.25,3500,Dumpty,Planning,INFORMATION,2024-03-15T13:48:37.863000,9764f7c7-ea32-4102-bbdc-caede1ad9b57,1,2024-03-13T10:13:39.978295,174158244428500382b24ce450
621,sep,july,Friday,25,Hyderabad,25-Dec-23,250.75,2500,Doe,Critical,CRITICAL,2024-03-15T13:53:37.863000,0c6b5a8a-2167-4162-8935-94f5e2d11056,1,2024-03-13T10:13:39.978363,174158244428500381b24ce450
622,oct,september,Saturday,24,San Francisco,05-Jan-13,108.28,10000,Doe,High,MAJOR,2024-03-15T13:58:37.864000,bd2f8e22-9687-4b2c-ba4c-d297ec11cf9c,1,2024-03-13T10:13:39.978418,174158244428500380b24ce450
627,mar,april,Thursday,24,Hyderabad,05-Jan-13,108.28,10000,James,High,MAJOR,2024-03-15T14:23:37.865000,2ac86cba-f560-4b5c-b3ce-7278993909f9,1,2024-03-13T10:13:39.978707,174158244428500379b24ce450
624,dec,january,Monday,26,Portland,14-Mar-15,350.25,3500,Bond,Low,WARNING,2024-03-15T14:08:37.864000,4fabb37e-df02-4de0-9020-779a15bc83a1,1,2024-03-13T10:13:39.978522,174158244428500378b24ce450
625,jan,february,Tuesday,25,Hyderabad,29-Sep-22,250.75,2500,James,Planning,INFORMATION,2024-03-15T14:13:37.865000,82588f97-cd94-4512-95d1-6b254a5e0873,1,2024-03-13T10:13:39.978577,174158244428500377b24ce450
626,feb,march,Wednesday,24,San Francisco,07-Feb-14,108.28,10000,John,Critical,CRITICAL,2024-03-15T14:18:37.865000,25defe0a-9386-468c-86e0-e2d51dde31f1,1,2024-03-13T10:13:39.978644,174158244428500376b24ce450
631,jul,august,Monday,25,Portland,07-Feb-14,250.75,2500,Doe,Critical,CRITICAL,2024-03-15T14:43:37.866000,a10c087f-8a23-463c-b781-d6066e4566a8,1,2024-03-13T10:13:39.978927,174158244428500375b24ce450
628,apr,may,Friday,25,Portland,19-Apr-19,250.75,2500,John,Moderate,MINOR,2024-03-15T14:28:37.866000,50369e35-122e-4cf4-b9d8-5355864f795e,1,2024-03-13T10:13:39.978767,174158244428500374b24ce450
629,may,june,Saturday,26,Hyderabad,14-Mar-15,350.25,3500,Humpty,Low,WARNING,2024-03-15T14:33:37.866000,6d09bced-1d3c-4ee5-b3e0-7cf306323a41,1,2024-03-13T10:13:39.978823,174158244428500373b24ce450
630,jun,july,Sunday,25,Portland,29-Sep-22,250.75,2500,Bond,Planning,INFORMATION,2024-03-15T14:38:37.866000,b0bd0aa9-ca25-47fc-b22e-64c2bc48b982,1,2024-03-13T10:13:39.978873,174158244428500372b24ce450
632,aug,september,Tuesday,26,Portland,29-Sep-23,350.25,3500,Doe,High,MAJOR,2024-03-15T14:48:37.867000,83fb6cb8-4ca9-49ef-849a-6ec80f92f417,1,2024-03-13T10:13:39.978978,174158244428500371b24ce450
615,mar,january,Saturday,26,San Francisco,22-Jun-17,350.25,3500,Humpty,Planning,INFORMATION,2024-03-15T13:23:37.862000,f3297bf8-0ec6-45a8-a96a-f02fa45cc23d,1,2024-03-13T10:13:39.978008,174158244428500370b24ce450
611,nov,september,Tuesday,25,Portland,14-Mar-15,250.75,2500,Humpty,Critical,CRITICAL,2024-03-15T13:03:37.860000,641035dd-1c36-4e83-9707-214287604e34,1,2024-03-13T10:13:39.977777,174158244428500405b24ce450
608,aug,june,Saturday,25,Austin,29-Sep-23,250.75,2500,James,Moderate,MINOR,2024-03-15T12:48:37.859000,b53758ff-d432-479b-a151-5a586ae8b4ae,1,2024-03-13T10:13:39.977608,174158244428500404b24ce450
609,sep,july,Sunday,26,Portland,05-Jan-13,350.25,3500,James,Low,WARNING,2024-03-15T12:53:37.860000,371b194e-907f-4660-bb67-387cdb4a3c87,1,2024-03-13T10:13:39.977667,174158244428500403b24ce450
610,oct,august,Monday,25,San Francisco,19-Apr-19,250.75,2500,Dumpty,Planning,INFORMATION,2024-03-15T12:58:37.860000,a1c618ec-087a-47f3-9c1f-f12a2ca6f427,1,2024-03-13T10:13:39.977721,174158244428500402b24ce450
599,nov,december,Thursday,25,Portland,07-Feb-14,250.75,2500,James,Low,WARNING,2024-03-15T12:03:37.857000,10b84fbf-20e9-498e-8ef6-87ee1246d660,1,2024-03-13T10:13:39.977116,174158244428500401b24ce450
597,sep,october,Tuesday,25,Austin,22-Jun-17,250.75,2500,Dumpty,High,MAJOR,2024-03-15T11:53:37.856000,5c267087-2fb3-4be5-a050-1802890ddbd3,1,2024-03-13T10:13:39.977004,174158244428500400b24ce450
598,oct,november,Wednesday,25,San Francisco,01-Jul-12,250.75,2500,Humpty,Moderate,MINOR,2024-03-15T11:58:37.856000,68045501-1fb5-46ca-9fca-ce4f778f731f,1,2024-03-13T10:13:39.977061,174158244428500399b24ce450
603,mar,january,Monday,26,Austin,07-Feb-14,350.25,3500,John,Moderate,MINOR,2024-03-15T12:23:37.858000,e40aacc5-6da7-41bb-9e3d-d00e3a57f023,1,2024-03-13T10:13:39.977322,174158244428500398b24ce450
600,dec,january,Friday,24,San Francisco,29-Sep-23,108.28,10000,Doe,Planning,INFORMATION,2024-03-15T12:08:37.857000,0e0ed212-ddb0-41a5-856d-1279afc78dc0,1,2024-03-13T10:13:39.977169,174158244428500397b24ce450
601,jan,february,Saturday,26,Portland,22-Jun-17,350.25,3500,Bond,Critical,CRITICAL,2024-03-15T12:13:37.857000,b672eb3d-cbff-4822-8d69-d4fda8e8d943,1,2024-03-13T10:13:39.977219,174158244428500396b24ce450
602,feb,march,Sunday,24,Austin,01-Jul-12,108.28,10000,James,High,MAJOR,2024-03-15T12:18:37.857000,a55bcf82-1b65-4db2-988a-b7fb4db4a08f,1,2024-03-13T10:13:39.977267,174158244428500395b24ce450
607,jul,may,Friday,25,San Francisco,07-Feb-14,250.75,2500,Doe,High,MAJOR,2024-03-15T12:43:37.859000,d6f3bd76-64b2-45c9-96b2-960ca26df239,1,2024-03-13T10:13:39.977552,174158244428500394b24ce450
604,apr,february,Tuesday,25,Hyderabad,29-Sep-23,250.75,2500,James,Low,WARNING,2024-03-15T12:28:37.858000,8c874ac8-88aa-40a3-85a9-61bdf149560b,1,2024-03-13T10:13:39.977371,174158244428500393b24ce450
605,may,march,Wednesday,25,Austin,22-Jun-17,250.75,2500,Doe,Planning,INFORMATION,2024-03-15T12:33:37.858000,d1e91989-df7e-4b69-9659-6dfea26c2a19,1,2024-03-13T10:13:39.977438,174158244428500392b24ce450
606,jun,april,Thursday,24,San Francisco,01-Jul-12,108.28,10000,John,Critical,CRITICAL,2024-03-15T12:38:37.858000,bb56e93d-f5ea-4a66-9f20-3028f9cdf655,1,2024-03-13T10:13:39.977496,174158244428500391b24ce450
612,dec,october,Wednesday,25,Austin,29-Sep-22,250.75,2500,James,High,MAJOR,2024-03-15T13:08:37.861000,41880a14-3b20-47e6-9f9f-c8a3a57c298d,1,2024-03-13T10:13:39.977827,174158244428500390b24ce450
613,jan,november,Thursday,25,Hyderabad,07-Feb-14,250.75,2500,Doe,Moderate,MINOR,2024-03-15T13:13:37.861000,9dbe1dec-6b5e-460d-be6a-197d2e8fd60f,1,2024-03-13T10:13:39.977880,174158244428500389b24ce450
614,feb,december,Friday,24,Hyderabad,29-Sep-23,108.28,10000,James,Low,WARNING,2024-03-15T13:18:37.861000,72f03fce-897f-4cf3-82bb-8773a779a119,1,2024-03-13T10:13:39.977951,174158244428500388b24ce450
583,jul,november,Tuesday,26,Portland,19-Apr-19,350.25,3500,Dumpty,Moderate,MINOR,2024-03-15T10:43:37.852000,9f799836-6548-4181-a05b-cb0f0b4bd230,1,2024-03-13T10:13:39.976107,174158244428500421b24ce450
581,may,september,Sunday,26,Portland,25-Dec-23,350.25,3500,Bond,Critical,CRITICAL,2024-03-15T10:33:37.851000,0a073e49-3e52-4855-ad46-8570e2df039b,1,2024-03-13T10:13:39.976001,174158244428500420b24ce450
582,jun,october,Monday,24,Austin,05-Jan-13,108.28,10000,Doe,High,MAJOR,2024-03-15T10:38:37.852000,bf5f0a14-a3ca-41bd-932a-81c63e27a0cb,1,2024-03-13T10:13:39.976055,174158244428500419b24ce450
587,nov,march,Saturday,24,San Francisco,29-Sep-23,108.28,10000,John,High,MAJOR,2024-03-15T11:03:37.853000,88ab4705-7302-4dbb-8dea-923e5af70d7b,1,2024-03-13T10:13:39.976397,174158244428500418b24ce450
584,aug,december,Wednesday,25,San Francisco,14-Mar-15,250.75,2500,James,Low,WARNING,2024-03-15T10:48:37.852000,7e4c5280-5bea-4344-9e95-6f03b033935f,1,2024-03-13T10:13:39.976155,174158244428500417b24ce450
585,sep,january,Thursday,26,Portland,29-Sep-22,350.25,3500,Humpty,Planning,INFORMATION,2024-03-15T10:53:37.852000,a1a5fcfc-f64e-4264-8cd7-7bf32d1f2ae7,1,2024-03-13T10:13:39.976231,174158244428500416b24ce450
586,oct,february,Friday,24,Austin,07-Feb-14,108.28,10000,Bond,Critical,CRITICAL,2024-03-15T10:58:37.853000,d582d50f-9a49-4e38-8397-55d9f1c8959e,1,2024-03-13T10:13:39.976287,174158244428500415b24ce450
591,mar,april,Wednesday,25,Hyderabad,07-Feb-14,250.75,2500,Bond,Critical,CRITICAL,2024-03-15T11:23:37.854000,69d10284-f1c0-484c-9338-c24a63209ec0,1,2024-03-13T10:13:39.976634,174158244428500414b24ce450
588,dec,january,Sunday,24,Portland,22-Jun-17,108.28,10000,Bond,Moderate,MINOR,2024-03-15T11:08:37.853000,8e3da44f-0d22-4190-9dbc-0a653e278334,1,2024-03-13T10:13:39.976453,174158244428500413b24ce450
589,jan,february,Monday,24,San Francisco,14-Mar-15,108.28,10000,James,Low,WARNING,2024-03-15T11:13:37.853000,03ce337c-bf13-4132-9ddc-85ab472b2f95,1,2024-03-13T10:13:39.976502,174158244428500412b24ce450
590,feb,march,Tuesday,26,San Francisco,29-Sep-22,350.25,3500,Humpty,Planning,INFORMATION,2024-03-15T11:18:37.854000,b9ca16fd-7349-4443-8eaf-bd485ba2c787,1,2024-03-13T10:13:39.976573,174158244428500411b24ce450
595,jul,august,Sunday,24,San Francisco,07-Feb-14,108.28,10000,Humpty,Planning,INFORMATION,2024-03-15T11:43:37.855000,e223f9b4-6452-4676-97fc-958c3df69eff,1,2024-03-13T10:13:39.976885,174158244428500410b24ce450
592,apr,may,Thursday,26,San Francisco,29-Sep-23,350.25,3500,James,High,MAJOR,2024-03-15T11:28:37.855000,b9bd5bf4-e2ed-463e-99b5-eac6608595b9,1,2024-03-13T10:13:39.976702,174158244428500409b24ce450
593,may,june,Friday,25,Hyderabad,22-Jun-17,250.75,2500,Humpty,Moderate,MINOR,2024-03-15T11:33:37.855000,dcf389a9-823c-428e-95f8-687aedb6db3f,1,2024-03-13T10:13:39.976778,174158244428500408b24ce450
594,jun,july,Saturday,24,Hyderabad,01-Jul-12,108.28,10000,Bond,Low,WARNING,2024-03-15T11:38:37.855000,0051c6fc-1737-41da-857a-2628a5c058db,1,2024-03-13T10:13:39.976835,174158244428500407b24ce450
596,aug,september,Monday,25,Austin,29-Sep-23,250.75,2500,Bond,Critical,CRITICAL,2024-03-15T11:48:37.856000,78d94cdc-d63f-4a80-9d88-92f7eeead07d,1,2024-03-13T10:13:39.976934,174158244428500406b24ce450
571,jul,october,Thursday,26,San Francisco,14-Mar-15,350.25,3500,Doe,Critical,CRITICAL,2024-03-15T09:43:37.848000,c3435b35-fc27-469c-aec6-b45cccc1a80c,1,2024-03-13T10:13:39.975420,174158244428500438b24ce450
568,apr,july,Monday,24,San Francisco,07-Feb-14,108.28,10000,John,Moderate,MINOR,2024-03-15T09:28:37.848000,e6e9ca84-46a7-490d-a643-f75afc078786,1,2024-03-13T10:13:39.975267,174158244428500437b24ce450
569,may,august,Tuesday,25,San Francisco,29-Sep-23,250.75,2500,Humpty,Low,WARNING,2024-03-15T09:33:37.848000,174aaf86-ae5a-449a-82a8-19d09d3a4b6b,1,2024-03-13T10:13:39.975316,174158244428500436b24ce450
570,jun,september,Wednesday,24,Austin,22-Jun-17,108.28,10000,Humpty,Planning,INFORMATION,2024-03-15T09:38:37.848000,a97035d2-187c-42a0-8552-c3e2ef800f14,1,2024-03-13T10:13:39.975371,174158244428500435b24ce450
575,nov,february,Monday,25,Portland,22-Jun-17,250.75,2500,James,Planning,INFORMATION,2024-03-15T10:03:37.850000,0fdb6197-8588-4496-b21a-7f7562cb4681,1,2024-03-13T10:13:39.975662,174158244428500434b24ce450
572,aug,november,Friday,26,San Francisco,29-Sep-22,350.25,3500,Dumpty,High,MAJOR,2024-03-15T09:48:37.849000,3888b61f-968f-4142-8cdd-e0e191e7ad51,1,2024-03-13T10:13:39.975472,174158244428500433b24ce450
573,sep,december,Saturday,24,San Francisco,07-Feb-14,108.28,10000,Humpty,Moderate,MINOR,2024-03-15T09:53:37.849000,9e4c9b1d-eab4-4c24-96c2-39f4d41c1a68,1,2024-03-13T10:13:39.975551,174158244428500432b24ce450
574,oct,january,Sunday,25,San Francisco,29-Sep-23,250.75,2500,Humpty,Low,WARNING,2024-03-15T09:58:37.849000,94ecdbd6-234e-4946-b9bb-591b328658de,1,2024-03-13T10:13:39.975608,174158244428500431b24ce450
579,mar,june,Friday,24,San Francisco,12-Oct-98,108.28,10000,Humpty,Low,WARNING,2024-03-15T10:23:37.851000,1ad97fcd-ad52-4baf-873f-b0293c0b4019,1,2024-03-13T10:13:39.975900,174158244428500430b24ce450
576,dec,march,Tuesday,25,Austin,01-Jul-12,250.75,2500,Bond,Critical,CRITICAL,2024-03-15T10:08:37.850000,0b74c4f0-31c5-44b3-acc1-045567dd3aef,1,2024-03-13T10:13:39.975724,174158244428500429b24ce450
577,jan,april,Wednesday,26,Portland,20-May-19,350.25,3500,James,High,MAJOR,2024-03-15T10:13:37.850000,17388b6e-02fb-45df-8ebd-fe1372dfbbd1,1,2024-03-13T10:13:39.975774,174158244428500428b24ce450
578,feb,may,Thursday,26,Austin,27-Aug-09,350.25,3500,John,Moderate,MINOR,2024-03-15T10:18:37.851000,f46617e4-1a47-46db-9cf2-39fa5f4c062c,1,2024-03-13T10:13:39.975843,174158244428500427b24ce450
580,apr,july,Saturday,24,Hyderabad,04-Nov-16,108.28,10000,Doe,Planning,INFORMATION,2024-03-15T10:28:37.851000,ae1474f9-4f87-40a5-9115-eb94d35507b5,1,2024-03-13T10:13:39.975949,174158244428500426b24ce450
567,mar,june,Sunday,24,Portland,29-Sep-22,108.28,10000,James,High,MAJOR,2024-03-15T09:23:37.847000,2e47a7ae-af3e-412b-9d24-c652879f67fb,1,2024-03-13T10:13:39.975219,174158244428500425b24ce450
564,dec,march,Thursday,24,Austin,05-Jan-13,108.28,10000,John,Low,WARNING,2024-03-15T09:08:37.847000,bfcb3e93-084c-4dfc-90ee-4cfb9c52adb7,1,2024-03-13T10:13:39.975040,174158244428500424b24ce450
565,jan,april,Friday,24,Portland,19-Apr-19,108.28,10000,Bond,Planning,INFORMATION,2024-03-15T09:13:37.847000,14cfce4e-e063-42c4-95c9-2caf686da5cc,1,2024-03-13T10:13:39.975095,174158244428500423b24ce450
566,feb,may,Saturday,24,Austin,14-Mar-15,108.28,10000,Dumpty,Critical,CRITICAL,2024-03-15T09:18:37.847000,755d77fc-752e-4851-8fb8-e8798b4d85ef,1,2024-03-13T10:13:39.975165,174158244428500422b24ce450
547,jul,january,Monday,24,Portland,19-Apr-19,108.28,10000,Doe,High,MAJOR,2024-03-15T07:43:37.842000,f22dd3fa-71e1-421a-bffe-96313af53e4e,1,2024-03-13T10:13:39.974097,174158244428500456b24ce450
546,jun,december,Sunday,25,Portland,05-Jan-13,250.75,2500,John,Critical,CRITICAL,2024-03-15T07:38:37.842000,cea2b1de-0509-4528-800e-0521b1bd714a,1,2024-03-13T10:13:39.974037,174158244428500455b24ce450
551,nov,may,Friday,25,Portland,05-Jan-13,250.75,2500,Bond,Critical,CRITICAL,2024-03-15T08:03:37.843000,1f79d1b5-246f-43ed-898d-1954c4891fed,1,2024-03-13T10:13:39.974302,174158244428500454b24ce450
548,aug,february,Tuesday,25,Austin,14-Mar-15,250.75,2500,Bond,Moderate,MINOR,2024-03-15T07:48:37.842000,523ceb72-987c-45c2-a0fb-c2c7e3254ac1,1,2024-03-13T10:13:39.974148,174158244428500453b24ce450
549,sep,march,Wednesday,24,San Francisco,29-Sep-22,108.28,10000,John,Low,WARNING,2024-03-15T07:53:37.843000,fd38f791-a795-47a8-91d7-e18179225fec,1,2024-03-13T10:13:39.974204,174158244428500452b24ce450
550,oct,april,Thursday,25,Portland,07-Feb-14,250.75,2500,Bond,Planning,INFORMATION,2024-03-15T07:58:37.843000,a0b3d599-69f6-40e5-aad9-5822b9a6d8a9,1,2024-03-13T10:13:39.974253,174158244428500451b24ce450
555,mar,september,Tuesday,25,Austin,07-Feb-14,250.75,2500,Bond,Planning,INFORMATION,2024-03-15T08:23:37.844000,320ac8d1-f00b-4956-9df5-4b3f361014ca,1,2024-03-13T10:13:39.974498,174158244428500450b24ce450
552,dec,june,Saturday,25,San Francisco,19-Apr-19,250.75,2500,Bond,High,MAJOR,2024-03-15T08:08:37.843000,5258b81d-8977-4362-af9e-5a4f52588930,1,2024-03-13T10:13:39.974350,174158244428500449b24ce450
553,jan,july,Sunday,24,Austin,14-Mar-15,108.28,10000,John,Moderate,MINOR,2024-03-15T08:13:37.844000,875140b9-7986-408b-9a6e-64ea787626c3,1,2024-03-13T10:13:39.974402,174158244428500448b24ce450
554,feb,august,Monday,26,Austin,29-Sep-22,350.25,3500,James,Low,WARNING,2024-03-15T08:18:37.844000,ec808523-b716-4ea2-9c9b-fd27ad03c026,1,2024-03-13T10:13:39.974450,174158244428500447b24ce450
559,jul,january,Saturday,26,Portland,20-May-19,350.25,3500,Bond,Low,WARNING,2024-03-15T08:43:37.845000,26912a8e-c852-4b50-856a-3b8ee7b9b878,1,2024-03-13T10:13:39.974723,174158244428500446b24ce450
556,apr,october,Wednesday,26,Hyderabad,29-Sep-23,350.25,3500,James,Critical,CRITICAL,2024-03-15T08:28:37.844000,2bf050b3-4a4c-426e-9a0f-5c8e199672c7,1,2024-03-13T10:13:39.974551,174158244428500445b24ce450
557,may,november,Thursday,26,San Francisco,22-Jun-17,350.25,3500,Dumpty,High,MAJOR,2024-03-15T08:33:37.845000,1a2fab7b-fad2-47a0-90f4-07e4324737fb,1,2024-03-13T10:13:39.974600,174158244428500444b24ce450
558,jun,december,Friday,26,San Francisco,01-Jul-12,350.25,3500,Dumpty,Moderate,MINOR,2024-03-15T08:38:37.845000,bc8b38a0-58ed-4690-89b8-f1350e16ce82,1,2024-03-13T10:13:39.974648,174158244428500443b24ce450
563,nov,february,Wednesday,26,San Francisco,25-Dec-23,350.25,3500,Humpty,Moderate,MINOR,2024-03-15T09:03:37.846000,e1499e10-b887-4071-b2bd-e02dec48baef,1,2024-03-13T10:13:39.974963,174158244428500442b24ce450
560,aug,february,Sunday,26,Austin,27-Aug-09,350.25,3500,Bond,Planning,INFORMATION,2024-03-15T08:48:37.846000,20a973bb-19ad-46bd-90b9-fce9555db7b1,1,2024-03-13T10:13:39.974780,174158244428500441b24ce450
561,sep,march,Monday,25,Austin,12-Oct-98,250.75,2500,John,Critical,CRITICAL,2024-03-15T08:53:37.846000,e7905bcd-1637-441d-a886-335e46a04c30,1,2024-03-13T10:13:39.974850,174158244428500440b24ce450
562,oct,january,Tuesday,26,Austin,04-Nov-16,350.25,3500,Humpty,High,MAJOR,2024-03-15T08:58:37.846000,279e7f95-84d2-463a-9dec-8db93d1dc701,1,2024-03-13T10:13:39.974909,174158244428500439b24ce450
531,mar,june,Saturday,25,San Francisco,07-Feb-14,250.75,2500,John,Critical,CRITICAL,2024-03-15T06:23:37.838000,98b49a7e-c531-4c6e-b431-ee6e396fe5e5,1,2024-03-13T10:13:39.973207,174158244428500474b24ce450
528,dec,march,Wednesday,26,San Francisco,29-Sep-23,350.25,3500,Doe,Moderate,MINOR,2024-03-15T06:08:37.837000,04b759a3-5d7e-4ab3-9691-27f554f6e2fe,1,2024-03-13T10:13:39.973028,174158244428500473b24ce450
529,jan,april,Thursday,26,Portland,22-Jun-17,350.25,3500,James,Low,WARNING,2024-03-15T06:13:37.837000,5fefa012-7823-4f95-809b-315403aeb470,1,2024-03-13T10:13:39.973103,174158244428500472b24ce450
530,feb,may,Friday,24,Portland,01-Jul-12,108.28,10000,James,Planning,INFORMATION,2024-03-15T06:18:37.837000,169fc286-8221-4044-b1b4-f9a920395ad6,1,2024-03-13T10:13:39.973157,174158244428500471b24ce450
535,jul,january,Wednesday,26,Austin,14-Mar-15,350.25,3500,Dumpty,Planning,INFORMATION,2024-03-15T06:43:37.839000,b6da10b0-cab4-4d9c-9db8-dc18423f4bc7,1,2024-03-13T10:13:39.973448,174158244428500470b24ce450
532,apr,july,Sunday,26,Hyderabad,29-Sep-23,350.25,3500,Humpty,High,MAJOR,2024-03-15T06:28:37.838000,d83ecfc3-99a3-4a9b-9ef5-40af6d224a7f,1,2024-03-13T10:13:39.973280,174158244428500469b24ce450
533,may,september,Monday,24,San Francisco,05-Jan-13,108.28,10000,Bond,Moderate,MINOR,2024-03-15T06:33:37.838000,f39f0111-a0e2-4fe2-82ab-3701a2d8efd1,1,2024-03-13T10:13:39.973333,174158244428500468b24ce450
534,jun,october,Tuesday,25,Hyderabad,19-Apr-19,250.75,2500,James,Low,WARNING,2024-03-15T06:38:37.838000,a541ad8a-0229-4bf1-86cd-13c95a6f34dc,1,2024-03-13T10:13:39.973381,174158244428500467b24ce450
539,nov,may,Sunday,26,Portland,22-Jun-17,350.25,3500,Dumpty,Low,WARNING,2024-03-15T07:03:37.840000,574e471f-bb21-4522-9116-64f11f129252,1,2024-03-13T10:13:39.973654,174158244428500466b24ce450
536,aug,february,Thursday,25,Austin,29-Sep-22,250.75,2500,Bond,Critical,CRITICAL,2024-03-15T06:48:37.839000,468eacdb-deaf-4d17-9b31-14c496c5629a,1,2024-03-13T10:13:39.973502,174158244428500465b24ce450
537,sep,march,Friday,26,Austin,07-Feb-14,350.25,3500,Bond,High,MAJOR,2024-03-15T06:53:37.839000,9e602e83-4065-40f1-9b78-ef001bc0f3b8,1,2024-03-13T10:13:39.973551,174158244428500464b24ce450
538,oct,april,Saturday,26,Portland,29-Sep-23,350.25,3500,Doe,Moderate,MINOR,2024-03-15T06:58:37.839000,b7e1112a-6ca6-45a4-9cf0-686b3e7fe8d9,1,2024-03-13T10:13:39.973600,174158244428500463b24ce450
543,mar,september,Thursday,25,San Francisco,12-Oct-98,250.75,2500,Humpty,Moderate,MINOR,2024-03-15T07:23:37.841000,796357a7-49da-41d5-8007-18e617ee0037,1,2024-03-13T10:13:39.973864,174158244428500462b24ce450
540,dec,june,Monday,24,San Francisco,01-Jul-12,108.28,10000,Humpty,Planning,INFORMATION,2024-03-15T07:08:37.840000,e4c7934f-b33b-4900-af3b-bbf496658df9,1,2024-03-13T10:13:39.973711,174158244428500461b24ce450
541,jan,july,Tuesday,24,Portland,20-May-19,108.28,10000,Dumpty,Critical,CRITICAL,2024-03-15T07:13:37.840000,eb9f19da-ba92-4f4c-934a-1d426fe5a273,1,2024-03-13T10:13:39.973761,174158244428500460b24ce450
542,feb,august,Wednesday,26,Austin,27-Aug-09,350.25,3500,Humpty,High,MAJOR,2024-03-15T07:18:37.840000,21302440-06ae-4b12-b621-222c35b11a8a,1,2024-03-13T10:13:39.973815,174158244428500459b24ce450
544,apr,october,Friday,24,San Francisco,04-Nov-16,108.28,10000,Humpty,Low,WARNING,2024-03-15T07:28:37.841000,db92ff8c-2498-4626-9fca-0aef56b82e9d,1,2024-03-13T10:13:39.973912,174158244428500458b24ce450
545,may,november,Saturday,24,San Francisco,25-Dec-23,108.28,10000,John,Planning,INFORMATION,2024-03-15T07:33:37.841000,c6d3e4d1-dfee-4c36-a16e-0a6d3f5cf3e1,1,2024-03-13T10:13:39.973964,174158244428500457b24ce450
511,jul,january,Sunday,25,Austin,29-Sep-23,250.75,2500,Humpty,Critical,CRITICAL,2024-03-15T04:43:37.832000,1a13d325-3e9f-490f-8bb8-13a934e63ea8,1,2024-03-13T10:13:39.972062,174158244428500491b24ce450
515,nov,february,Thursday,24,Portland,07-Feb-14,108.28,10000,Humpty,Planning,INFORMATION,2024-03-15T05:03:37.833000,0f893d16-d78f-4656-ac58-c24a42447f07,1,2024-03-13T10:13:39.972287,174158244428500490b24ce450
512,aug,february,Monday,25,Austin,22-Jun-17,250.75,2500,James,High,MAJOR,2024-03-15T04:48:37.832000,b4a6ff1b-af5b-4963-b463-20ec30ec37ec,1,2024-03-13T10:13:39.972116,174158244428500489b24ce450
513,sep,march,Tuesday,26,Hyderabad,14-Mar-15,350.25,3500,John,Moderate,MINOR,2024-03-15T04:53:37.833000,65e1abb6-b850-4123-a3cb-1563d4a80b50,1,2024-03-13T10:13:39.972164,174158244428500488b24ce450
514,oct,january,Wednesday,26,Austin,29-Sep-22,350.25,3500,Dumpty,Low,WARNING,2024-03-15T04:58:37.833000,dfb63a91-c803-49bd-b13b-5f4f563eb540,1,2024-03-13T10:13:39.972233,174158244428500487b24ce450
519,mar,june,Monday,24,San Francisco,07-Feb-14,108.28,10000,John,Low,WARNING,2024-03-15T05:23:37.834000,f830b11e-e8c3-445c-b626-4ee53836c644,1,2024-03-13T10:13:39.972511,174158244428500486b24ce450
516,dec,march,Friday,26,San Francisco,29-Sep-23,350.25,3500,Doe,Critical,CRITICAL,2024-03-15T05:08:37.833000,1f57ffba-75fc-4eb1-93bc-929138156625,1,2024-03-13T10:13:39.972336,174158244428500485b24ce450
517,jan,april,Saturday,26,Austin,22-Jun-17,350.25,3500,Bond,High,MAJOR,2024-03-15T05:13:37.834000,d1e64997-53d4-4848-9505-9bbe9ae7d2a6,1,2024-03-13T10:13:39.972404,174158244428500484b24ce450
518,feb,may,Sunday,24,Hyderabad,01-Jul-12,108.28,10000,James,Moderate,MINOR,2024-03-15T05:18:37.834000,6157e331-1290-4d65-ac11-e5ad924ad9de,1,2024-03-13T10:13:39.972458,174158244428500483b24ce450
523,jul,october,Friday,26,San Francisco,07-Feb-14,350.25,3500,Humpty,Moderate,MINOR,2024-03-15T05:43:37.835000,a2d32ae1-5547-4446-924f-a90a2c862b5e,1,2024-03-13T10:13:39.972744,174158244428500482b24ce450
520,apr,july,Tuesday,24,Portland,29-Sep-23,108.28,10000,Doe,Planning,INFORMATION,2024-03-15T05:28:37.835000,e00ad7b0-c84c-4145-bf68-868c5c8868b9,1,2024-03-13T10:13:39.972561,174158244428500481b24ce450
521,may,august,Wednesday,25,San Francisco,22-Jun-17,250.75,2500,John,Critical,CRITICAL,2024-03-15T05:33:37.835000,63f01aab-8fd5-4329-98a0-f591c4b7b4f5,1,2024-03-13T10:13:39.972609,174158244428500480b24ce450
522,jun,september,Thursday,24,San Francisco,01-Jul-12,108.28,10000,John,High,MAJOR,2024-03-15T05:38:37.835000,5beb96fe-f413-45c2-8966-30326c87445c,1,2024-03-13T10:13:39.972661,174158244428500479b24ce450
527,nov,february,Tuesday,24,Austin,07-Feb-14,108.28,10000,Bond,High,MAJOR,2024-03-15T06:03:37.836000,a1adac39-379d-4303-a593-9c81d595a826,1,2024-03-13T10:13:39.972957,174158244428500478b24ce450
524,aug,november,Saturday,26,Hyderabad,29-Sep-23,350.25,3500,John,Low,WARNING,2024-03-15T05:48:37.836000,75255ddb-404e-4c77-aebb-e8d62758ae09,1,2024-03-13T10:13:39.972805,174158244428500477b24ce450
525,sep,december,Sunday,26,San Francisco,22-Jun-17,350.25,3500,Bond,Planning,INFORMATION,2024-03-15T05:53:37.836000,44bb8f43-f58d-4fbf-97be-c93e1601bd34,1,2024-03-13T10:13:39.972853,174158244428500476b24ce450
526,oct,january,Monday,25,San Francisco,01-Jul-12,250.75,2500,Dumpty,Critical,CRITICAL,2024-03-15T05:58:37.836000,a95056e6-1d00-43ba-87d8-051dafd3f634,1,2024-03-13T10:13:39.972907,174158244428500475b24ce450
503,nov,may,Saturday,24,Hyderabad,12-Oct-98,108.28,10000,John,Moderate,MINOR,2024-03-15T04:03:37.830000,11bb8767-77db-4a8f-9026-631b0be66c16,1,2024-03-13T10:13:39.971623,174158244453800501b24ce450
501,sep,march,Thursday,24,Portland,20-May-19,108.28,10000,Bond,Critical,CRITICAL,2024-03-15T03:53:37.829000,7d164fbf-f358-4c90-9690-9b5194f34462,1,2024-03-13T10:13:39.971434,174158244428500500b24ce450
502,oct,april,Friday,25,Portland,27-Aug-09,250.75,2500,James,High,MAJOR,2024-03-15T03:58:37.830000,7ab0ef9b-ae14-45c0-a0a6-9fb072871f01,1,2024-03-13T10:13:39.971568,174158244428500499b24ce450
507,mar,september,Wednesday,26,San Francisco,19-Apr-19,350.25,3500,Doe,High,MAJOR,2024-03-15T04:23:37.831000,ca5dd2cd-8aea-4b7b-b317-831873670b80,1,2024-03-13T10:13:39.971834,174158244428500498b24ce450
504,dec,june,Sunday,26,Portland,04-Nov-16,350.25,3500,Doe,Low,WARNING,2024-03-15T04:08:37.830000,c3194dce-e0e9-4c73-9dd8-a521d6a56bc6,1,2024-03-13T10:13:39.971673,174158244428500497b24ce450
505,jan,july,Monday,24,Austin,25-Dec-23,108.28,10000,James,Planning,INFORMATION,2024-03-15T04:13:37.830000,10d43329-be97-483a-986f-df0c62098e53,1,2024-03-13T10:13:39.971728,174158244428500496b24ce450
506,feb,august,Tuesday,25,San Francisco,05-Jan-13,250.75,2500,Dumpty,Critical,CRITICAL,2024-03-15T04:18:37.831000,cbcfab35-3652-49fc-b7fb-4e3665475258,1,2024-03-13T10:13:39.971781,174158244428500495b24ce450
508,apr,october,Thursday,26,San Francisco,14-Mar-15,350.25,3500,Humpty,Moderate,MINOR,2024-03-15T04:28:37.831000,7a78a202-eceb-47f8-b58b-d2d95f7a2f0c,1,2024-03-13T10:13:39.971888,174158244428500494b24ce450
509,may,november,Friday,24,San Francisco,29-Sep-22,108.28,10000,Bond,Low,WARNING,2024-03-15T04:33:37.831000,762e748d-58ac-4a1d-9e85-91306a5d03b5,1,2024-03-13T10:13:39.971937,174158244428500493b24ce450
510,jun,december,Saturday,26,San Francisco,07-Feb-14,350.25,3500,Bond,Planning,INFORMATION,2024-03-15T04:38:37.832000,be041738-5338-424c-a1b1-9362408796ed,1,2024-03-13T10:13:39.971987,174158244428500492b24ce450
500,aug,february,Wednesday,26,Portland,01-Jul-12,350.25,3500,John,Planning,INFORMATION,2024-03-15T03:48:37.829000,7b9d0333-0763-4189-abc0-915dd07f3ff6,1,2024-03-13T10:13:39.673201,174158244453800502b24ce450
494,feb,november,Thursday,24,Austin,22-Jun-17,108.28,10000,Dumpty,Low,WARNING,2024-03-15T03:18:37.827000,59c266ab-c2af-4690-9fb2-a4e0f1498e2c,1,2024-03-13T10:13:39.672196,174158244453800509b24ce450
493,jan,october,Wednesday,25,San Francisco,29-Sep-23,250.75,2500,Bond,Moderate,MINOR,2024-03-15T03:13:37.827000,75da76da-900c-454d-9406-426f0342dbb7,1,2024-03-13T10:13:39.672090,174158244453800508b24ce450
498,jun,march,Monday,24,San Francisco,29-Sep-23,108.28,10000,John,Moderate,MINOR,2024-03-15T03:38:37.829000,249aa055-6c7b-4107-bbda-73ae5f3021ec,1,2024-03-13T10:13:39.672628,174158244453800507b24ce450
495,mar,december,Friday,26,Hyderabad,14-Mar-15,350.25,3500,Humpty,Planning,INFORMATION,2024-03-15T03:23:37.828000,eb6c43bd-ac18-4f41-acfd-ca8f01169229,1,2024-03-13T10:13:39.672304,174158244453800506b24ce450
496,apr,january,Saturday,24,Portland,29-Sep-22,108.28,10000,John,Critical,CRITICAL,2024-03-15T03:28:37.828000,75c82fcf-48ae-4ed9-b5e1-f0e900066f25,1,2024-03-13T10:13:39.672413,174158244453800505b24ce450
497,may,february,Sunday,26,Hyderabad,07-Feb-14,350.25,3500,Dumpty,High,MAJOR,2024-03-15T03:33:37.828000,792c0c3c-4715-4504-b2da-a315a0a38b0c,1,2024-03-13T10:13:39.672526,174158244453800504b24ce450
499,jul,january,Tuesday,25,Austin,22-Jun-17,250.75,2500,Doe,Low,WARNING,2024-03-15T03:43:37.829000,45a2f166-8e50-4905-a3ce-cd9bcd9f92f6,1,2024-03-13T10:13:39.672793,174158244453800503b24ce450
474,jun,february,Friday,24,Hyderabad,07-Feb-14,108.28,10000,James,Low,WARNING,2024-03-15T01:38:37.822000,a74c15b4-f8bc-4e57-9e25-fdba05b38156,1,2024-03-13T10:13:39.671070,174158244453800529b24ce450
473,may,january,Thursday,26,Portland,29-Sep-22,350.25,3500,John,Moderate,MINOR,2024-03-15T01:33:37.822000,ce2b3afb-530d-4aea-9f45-6959b74844fa,1,2024-03-13T10:13:39.671016,174158244453800528b24ce450
478,oct,june,Tuesday,25,Austin,29-Sep-22,250.75,2500,Bond,Moderate,MINOR,2024-03-15T01:58:37.823000,46868725-db1d-4bc3-8ec5-773539d812bb,1,2024-03-13T10:13:39.671264,174158244453800527b24ce450
475,jul,march,Saturday,26,Hyderabad,05-Jan-13,350.25,3500,Doe,Planning,INFORMATION,2024-03-15T01:43:37.822000,65eefecf-2837-4417-a650-734fea50de3f,1,2024-03-13T10:13:39.671118,174158244453800526b24ce450
476,aug,april,Sunday,25,San Francisco,19-Apr-19,250.75,2500,Dumpty,Critical,CRITICAL,2024-03-15T01:48:37.822000,f665e23e-3e5d-49a6-9eaa-ac907bb1af25,1,2024-03-13T10:13:39.671167,174158244453800525b24ce450
477,sep,may,Monday,25,San Francisco,14-Mar-15,250.75,2500,Doe,High,MAJOR,2024-03-15T01:53:37.823000,9dec3b2f-7bcc-48a3-9fcd-9f771852ebcf,1,2024-03-13T10:13:39.671215,174158244453800524b24ce450
482,feb,october,Saturday,25,San Francisco,01-Jul-12,250.75,2500,John,High,MAJOR,2024-03-15T02:18:37.824000,b11b74c3-e0ea-412b-b0e4-b0d99ce9bef3,1,2024-03-13T10:13:39.671456,174158244453800523b24ce450
479,nov,july,Wednesday,24,Austin,07-Feb-14,108.28,10000,James,Low,WARNING,2024-03-15T02:03:37.823000,1ef7eb91-66e9-4772-b3d4-72736a348cea,1,2024-03-13T10:13:39.671312,174158244453800522b24ce450
480,dec,august,Thursday,24,San Francisco,29-Sep-23,108.28,10000,John,Planning,INFORMATION,2024-03-15T02:08:37.824000,241c009f-4eaa-4e26-9708-b943368e0198,1,2024-03-13T10:13:39.671361,174158244453800521b24ce450
481,jan,september,Friday,25,San Francisco,22-Jun-17,250.75,2500,Humpty,Critical,CRITICAL,2024-03-15T02:13:37.824000,ed2e9e4d-9ae7-43ed-9b75-786ae37f67f2,1,2024-03-13T10:13:39.671409,174158244453800520b24ce450
486,jun,february,Wednesday,24,Portland,04-Nov-16,108.28,10000,James,Critical,CRITICAL,2024-03-15T02:38:37.825000,132529a5-4ddd-4603-bcf1-3caf61ad705e,1,2024-03-13T10:13:39.671649,174158244453800519b24ce450
483,mar,november,Sunday,26,Hyderabad,20-May-19,350.25,3500,James,Moderate,MINOR,2024-03-15T02:23:37.824000,9e2353f7-a058-496a-a908-91b5c248c0eb,1,2024-03-13T10:13:39.671503,174158244453800518b24ce450
484,apr,december,Monday,25,Portland,27-Aug-09,250.75,2500,Bond,Low,WARNING,2024-03-15T02:28:37.825000,bde6802e-bcfc-4044-8dd3-e081861e825a,1,2024-03-13T10:13:39.671552,174158244453800517b24ce450
485,may,january,Tuesday,26,Austin,12-Oct-98,350.25,3500,Humpty,Planning,INFORMATION,2024-03-15T02:33:37.825000,de8c15ad-fd94-40a0-9431-1d915fc63b10,1,2024-03-13T10:13:39.671601,174158244453800516b24ce450
490,oct,june,Sunday,25,Austin,14-Mar-15,250.75,2500,John,Planning,INFORMATION,2024-03-15T02:58:37.826000,12549e57-6f13-491b-b1cd-cca72a3233b4,1,2024-03-13T10:13:39.671869,174158244453800515b24ce450
487,jul,march,Thursday,26,Portland,25-Dec-23,350.25,3500,Dumpty,High,MAJOR,2024-03-15T02:43:37.826000,8863c039-e802-4417-932e-fd5341bd1479,1,2024-03-13T10:13:39.671710,174158244453800514b24ce450
488,aug,april,Friday,24,San Francisco,05-Jan-13,108.28,10000,John,Moderate,MINOR,2024-03-15T02:48:37.826000,301f88f9-5ca6-4cd6-80a0-6b9f28cbf60d,1,2024-03-13T10:13:39.671771,174158244453800513b24ce450
489,sep,may,Saturday,25,Hyderabad,19-Apr-19,250.75,2500,Dumpty,Low,WARNING,2024-03-15T02:53:37.826000,0ff35022-da9e-494a-a20c-69680090f4f7,1,2024-03-13T10:13:39.671820,174158244453800512b24ce450
491,nov,july,Monday,26,Austin,29-Sep-22,350.25,3500,Dumpty,Critical,CRITICAL,2024-03-15T03:03:37.827000,a3fc4171-db0f-4430-9133-ceb26cfed7d3,1,2024-03-13T10:13:39.671934,174158244453800511b24ce450
492,dec,september,Tuesday,25,Austin,07-Feb-14,250.75,2500,Dumpty,High,MAJOR,2024-03-15T03:08:37.827000,cc21b7fb-5744-41e1-9ceb-b4d485840357,1,2024-03-13T10:13:39.671998,174158244453800510b24ce450
458,feb,january,Wednesday,25,Austin,19-Apr-19,250.75,2500,Doe,Moderate,MINOR,2024-03-15T00:18:37.818000,082a051f-cc39-410c-acd5-af3c61a17cf2,1,2024-03-13T10:13:39.670092,174158244453800545b24ce450
457,jan,december,Tuesday,26,Austin,05-Jan-13,350.25,3500,Humpty,High,MAJOR,2024-03-15T00:13:37.817000,cc9fabc2-03c6-417c-81f7-b9a1c36f589a,1,2024-03-13T10:13:39.670043,174158244453800544b24ce450
462,jun,may,Sunday,25,San Francisco,29-Sep-23,250.75,2500,Bond,High,MAJOR,2024-03-15T00:38:37.819000,3cf5ee1c-a872-4f72-b817-ae54bc64501a,1,2024-03-13T10:13:39.670284,174158244453800543b24ce450
459,mar,february,Thursday,26,San Francisco,14-Mar-15,350.25,3500,Humpty,Low,WARNING,2024-03-15T00:23:37.818000,7bc8c79f-803c-4e24-95fd-035c09ac1251,1,2024-03-13T10:13:39.670140,174158244453800542b24ce450
460,apr,march,Friday,26,Hyderabad,29-Sep-22,350.25,3500,Humpty,Planning,INFORMATION,2024-03-15T00:28:37.818000,41643c17-ca2f-4d11-9275-e14173473fcc,1,2024-03-13T10:13:39.670189,174158244453800541b24ce450
461,may,april,Saturday,24,Austin,07-Feb-14,108.28,10000,Doe,Critical,CRITICAL,2024-03-15T00:33:37.818000,1209885f-40ee-42dd-912a-2af297168867,1,2024-03-13T10:13:39.670237,174158244453800540b24ce450
466,oct,september,Thursday,24,Hyderabad,27-Aug-09,108.28,10000,Doe,Critical,CRITICAL,2024-03-15T00:58:37.820000,937c7b1d-d3fd-451f-87de-8c0fc22e8755,1,2024-03-13T10:13:39.670565,174158244453800539b24ce450
463,jul,june,Monday,24,Portland,22-Jun-17,108.28,10000,Bond,Moderate,MINOR,2024-03-15T00:43:37.819000,e2051d0a-c14e-4f87-a430-502b84966792,1,2024-03-13T10:13:39.670331,174158244453800538b24ce450
464,aug,july,Tuesday,24,Hyderabad,01-Jul-12,108.28,10000,Doe,Low,WARNING,2024-03-15T00:48:37.819000,5166c4b4-d354-4ea4-9737-367e0aca6e09,1,2024-03-13T10:13:39.670455,174158244453800537b24ce450
465,sep,august,Wednesday,25,Hyderabad,20-May-19,250.75,2500,Humpty,Planning,INFORMATION,2024-03-15T00:53:37.819000,2f909b99-e0cd-4c3f-b89e-9696cb5e3908,1,2024-03-13T10:13:39.670508,174158244453800536b24ce450
470,feb,january,Monday,26,San Francisco,05-Jan-13,350.25,3500,Bond,Planning,INFORMATION,2024-03-15T01:18:37.821000,276fe7bc-dabd-4373-8aff-c41382ca872b,1,2024-03-13T10:13:39.670804,174158244453800535b24ce450
467,nov,october,Friday,24,Austin,12-Oct-98,108.28,10000,John,High,MAJOR,2024-03-15T01:03:37.820000,a144f970-f309-4263-a2a5-121d744b04fd,1,2024-03-13T10:13:39.670637,174158244453800534b24ce450
468,dec,november,Saturday,26,Portland,04-Nov-16,350.25,3500,James,Moderate,MINOR,2024-03-15T01:08:37.820000,92a04054-69e7-430c-800b-ee0b9be8c9c3,1,2024-03-13T10:13:39.670704,174158244453800533b24ce450
469,jan,december,Sunday,26,Hyderabad,25-Dec-23,350.25,3500,Bond,Low,WARNING,2024-03-15T01:13:37.821000,d140e96e-5d9b-4f0d-b1c6-b599cf95f7fc,1,2024-03-13T10:13:39.670756,174158244453800532b24ce450
471,mar,february,Tuesday,24,San Francisco,19-Apr-19,108.28,10000,Humpty,Critical,CRITICAL,2024-03-15T01:23:37.821000,f6cadd30-88b5-4ee4-8e02-1f61393fd93a,1,2024-03-13T10:13:39.670875,174158244453800531b24ce450
472,apr,march,Wednesday,26,Hyderabad,14-Mar-15,350.25,3500,James,High,MAJOR,2024-03-15T01:28:37.821000,1bd5f29b-5eea-4354-b288-f6f785c3487e,1,2024-03-13T10:13:39.670934,174158244453800530b24ce450
446,feb,january,Friday,25,Hyderabad,01-Jul-12,250.75,2500,Bond,Critical,CRITICAL,2024-03-14T23:18:37.814000,7e72f351-d9b1-4c2c-83f6-13057258ebd3,1,2024-03-13T10:13:39.669172,174158244453800558b24ce450
444,dec,september,Wednesday,24,San Francisco,29-Sep-23,108.28,10000,Doe,Low,WARNING,2024-03-14T23:08:37.814000,1c34395e-a715-47ca-bd60-d0257ab30028,1,2024-03-13T10:13:39.669023,174158244453800557b24ce450
445,jan,october,Thursday,24,Portland,22-Jun-17,108.28,10000,John,Planning,INFORMATION,2024-03-14T23:13:37.814000,aa5f6446-1780-4303-a2dc-b106b1a97095,1,2024-03-13T10:13:39.669072,174158244453800556b24ce450
450,jun,may,Tuesday,26,San Francisco,01-Jul-12,350.25,3500,Dumpty,Planning,INFORMATION,2024-03-14T23:38:37.815000,33aa5574-5fbb-49e9-a8a4-3f7f6fe0febe,1,2024-03-13T10:13:39.669407,174158244453800555b24ce450
447,mar,february,Saturday,26,Austin,07-Feb-14,350.25,3500,James,High,MAJOR,2024-03-14T23:23:37.815000,89ef3481-10af-4b15-befa-ee5d5b7c8b9e,1,2024-03-13T10:13:39.669252,174158244453800554b24ce450
448,apr,march,Sunday,25,Hyderabad,29-Sep-23,250.75,2500,Bond,Moderate,MINOR,2024-03-14T23:28:37.815000,40641b30-8d47-4368-aa5d-4f7d8c711983,1,2024-03-13T10:13:39.669304,174158244453800553b24ce450
449,may,april,Monday,26,San Francisco,22-Jun-17,350.25,3500,Bond,Low,WARNING,2024-03-14T23:33:37.815000,c1568686-231d-40d6-a6ca-59734259f39f,1,2024-03-13T10:13:39.669353,174158244453800552b24ce450
454,oct,september,Saturday,24,San Francisco,01-Jul-12,108.28,10000,Doe,Low,WARNING,2024-03-14T23:58:37.816000,a14aac80-c19a-422c-bd58-192343e454fc,1,2024-03-13T10:13:39.669612,174158244453800551b24ce450
451,jul,june,Wednesday,24,Hyderabad,07-Feb-14,108.28,10000,Bond,Critical,CRITICAL,2024-03-14T23:43:37.816000,a2ed29f2-2455-4b36-802a-62d84c1a0ef8,1,2024-03-13T10:13:39.669458,174158244453800550b24ce450
452,aug,july,Thursday,26,Austin,29-Sep-23,350.25,3500,James,High,MAJOR,2024-03-14T23:48:37.816000,e295d51b-731d-41f0-944f-2207c7aaa645,1,2024-03-13T10:13:39.669508,174158244453800549b24ce450
453,sep,august,Friday,26,Portland,22-Jun-17,350.25,3500,James,Moderate,MINOR,2024-03-14T23:53:37.816000,c03a7e8e-b5e8-459b-852a-89ff4abb829f,1,2024-03-13T10:13:39.669556,174158244453800548b24ce450
455,nov,october,Sunday,25,Portland,07-Feb-14,250.75,2500,Dumpty,Planning,INFORMATION,2024-03-15T00:03:37.817000,139faacc-1291-4e02-b04d-ecea52d6d324,1,2024-03-13T10:13:39.669681,174158244453800547b24ce450
456,dec,november,Monday,26,San Francisco,29-Sep-23,350.25,3500,James,Critical,CRITICAL,2024-03-15T00:08:37.817000,9e81fab7-0cfa-4d05-a10e-5c505ffb2893,1,2024-03-13T10:13:39.669986,174158244453800546b24ce450
434,feb,october,Sunday,26,Portland,07-Feb-14,350.25,3500,James,Low,WARNING,2024-03-14T22:18:37.811000,729264cc-167d-49a9-beca-7b3c893be523,1,2024-03-13T10:13:39.668093,174158244453800569b24ce450
433,jan,september,Saturday,24,Austin,29-Sep-22,108.28,10000,John,Moderate,MINOR,2024-03-14T22:13:37.811000,572b338d-8423-4168-8cf5-ba63762b2db3,1,2024-03-13T10:13:39.668033,174158244453800568b24ce450
438,jun,february,Thursday,24,Austin,29-Sep-22,108.28,10000,John,Moderate,MINOR,2024-03-14T22:38:37.812000,0fd469af-e5ef-4e96-a1c4-32dbdc35d734,1,2024-03-13T10:13:39.668569,174158244453800567b24ce450
435,mar,november,Monday,24,San Francisco,29-Sep-23,108.28,10000,Dumpty,Planning,INFORMATION,2024-03-14T22:23:37.811000,eed4065a-8160-4816-a79b-1dbb9f805f4d,1,2024-03-13T10:13:39.668143,174158244453800566b24ce450
436,apr,december,Tuesday,24,Hyderabad,22-Jun-17,108.28,10000,Doe,Critical,CRITICAL,2024-03-14T22:28:37.811000,3e778b2f-4c83-427b-8422-b9ddb2b1a528,1,2024-03-13T10:13:39.668345,174158244453800565b24ce450
437,may,january,Wednesday,24,Hyderabad,14-Mar-15,108.28,10000,Humpty,High,MAJOR,2024-03-14T22:33:37.812000,2ab2ac6a-0968-4386-83dd-ad058a2bb084,1,2024-03-13T10:13:39.668457,174158244453800564b24ce450
442,oct,june,Monday,25,Hyderabad,01-Jul-12,250.75,2500,Humpty,High,MAJOR,2024-03-14T22:58:37.813000,4b6a6da7-e47b-41d4-b9a9-e01ac46537a7,1,2024-03-13T10:13:39.668897,174158244453800563b24ce450
439,jul,march,Friday,24,Hyderabad,07-Feb-14,108.28,10000,James,Low,WARNING,2024-03-14T22:43:37.812000,53a48646-3166-42d2-98df-850fee4e0014,1,2024-03-13T10:13:39.668640,174158244453800562b24ce450
440,aug,april,Saturday,24,San Francisco,29-Sep-23,108.28,10000,John,Planning,INFORMATION,2024-03-14T22:48:37.813000,029b6cd8-d277-43b2-adee-67ee364bcd2d,1,2024-03-13T10:13:39.668794,174158244453800561b24ce450
441,sep,may,Sunday,24,San Francisco,22-Jun-17,108.28,10000,Doe,Critical,CRITICAL,2024-03-14T22:53:37.813000,d77f599b-f467-4ca1-a596-6e7a7b349950,1,2024-03-13T10:13:39.668849,174158244453800560b24ce450
443,nov,july,Tuesday,25,San Francisco,07-Feb-14,250.75,2500,John,Moderate,MINOR,2024-03-14T23:03:37.813000,95e05f62-2658-4407-8764-fef69024f144,1,2024-03-13T10:13:39.668968,174158244453800559b24ce450
432,dec,august,Friday,25,Hyderabad,14-Mar-15,250.75,2500,John,High,MAJOR,2024-03-14T22:08:37.810000,df28f867-3b15-4662-b459-7cd6792593e4,1,2024-03-13T10:13:39.667082,174158244453800570b24ce450
430,oct,june,Wednesday,24,Austin,05-Jan-13,108.28,10000,Doe,Planning,INFORMATION,2024-03-14T21:58:37.810000,833e55c4-36ca-4c8c-a426-c84f13e399bb,1,2024-03-13T10:13:39.666815,174158244453800573b24ce450
429,sep,may,Tuesday,24,San Francisco,25-Dec-23,108.28,10000,James,Low,WARNING,2024-03-14T21:53:37.810000,cba8dd3d-c52a-4bcc-9161-fac5bb892c68,1,2024-03-13T10:13:39.666658,174158244453800572b24ce450
431,nov,july,Thursday,25,Hyderabad,19-Apr-19,250.75,2500,Doe,Critical,CRITICAL,2024-03-14T22:03:37.810000,a598cd59-d98f-427b-bf7b-c7daddaf454a,1,2024-03-13T10:13:39.666950,174158244453800571b24ce450
426,jun,february,Saturday,26,San Francisco,27-Aug-09,350.25,3500,Dumpty,Critical,CRITICAL,2024-03-14T21:38:37.809000,f6ca2621-175d-4e8d-9e3d-d6e94b27db62,1,2024-03-13T10:13:39.663526,174158244453800579b24ce450
423,mar,february,Wednesday,26,Portland,22-Jun-17,350.25,3500,Doe,Moderate,MINOR,2024-03-14T21:23:37.808000,687971b5-fb35-48bf-a7a8-f768b839720d,1,2024-03-13T10:13:39.663098,174158244453800578b24ce450
424,apr,march,Thursday,25,Portland,01-Jul-12,250.75,2500,Dumpty,Low,WARNING,2024-03-14T21:28:37.808000,937db5eb-6071-4aaf-ba8f-66464876dc28,1,2024-03-13T10:13:39.663212,174158244453800577b24ce450
425,may,january,Friday,26,Hyderabad,20-May-19,350.25,3500,John,Planning,INFORMATION,2024-03-14T21:33:37.808000,7a064bb8-5161-4065-b0f6-d296aa62ae20,1,2024-03-13T10:13:39.663329,174158244453800576b24ce450
427,jul,march,Sunday,26,Austin,12-Oct-98,350.25,3500,James,High,MAJOR,2024-03-14T21:43:37.809000,9ecd8895-ad46-4953-8f27-8d54342f17c7,1,2024-03-13T10:13:39.663653,174158244453800575b24ce450
428,aug,april,Monday,26,San Francisco,04-Nov-16,350.25,3500,Doe,Moderate,MINOR,2024-03-14T21:48:37.809000,0404fa6f-5615-446f-a72a-88902d5ae188,1,2024-03-13T10:13:39.663780,174158244453800574b24ce450
414,jun,may,Monday,24,Portland,14-Mar-15,108.28,10000,Dumpty,Low,WARNING,2024-03-14T20:38:37.805000,ea7119c2-1798-4033-9627-2f2a47ef32a0,1,2024-03-13T10:13:39.662204,174158244453800590b24ce450
412,apr,march,Saturday,25,Portland,05-Jan-13,250.75,2500,Humpty,High,MAJOR,2024-03-14T20:28:37.805000,9406874e-3940-4ff5-a361-ef0820b8b565,1,2024-03-13T10:13:39.662101,174158244453800589b24ce450
413,may,april,Sunday,25,Portland,19-Apr-19,250.75,2500,John,Moderate,MINOR,2024-03-14T20:33:37.805000,f654ed73-1fa7-4616-9093-dca8990185ba,1,2024-03-13T10:13:39.662155,174158244453800588b24ce450
418,oct,september,Friday,26,San Francisco,22-Jun-17,350.25,3500,Dumpty,Moderate,MINOR,2024-03-14T20:58:37.806000,e7b46f3e-5673-413d-b23a-8dc9280b43f9,1,2024-03-13T10:13:39.662461,174158244453800587b24ce450
415,jul,june,Tuesday,24,Hyderabad,29-Sep-22,108.28,10000,John,Planning,INFORMATION,2024-03-14T20:43:37.806000,98580bc9-16eb-47c8-9577-e4a4b886bb44,1,2024-03-13T10:13:39.662307,174158244453800586b24ce450
416,aug,july,Wednesday,25,Austin,07-Feb-14,250.75,2500,Doe,Critical,CRITICAL,2024-03-14T20:48:37.806000,fb7b7bcb-1ef3-4490-b6d4-76f65c713ae9,1,2024-03-13T10:13:39.662365,174158244453800585b24ce450
417,sep,august,Thursday,25,Austin,29-Sep-23,250.75,2500,Doe,High,MAJOR,2024-03-14T20:53:37.806000,621eb6fc-ce87-47d5-9233-e69f69e10952,1,2024-03-13T10:13:39.662413,174158244453800584b24ce450
422,feb,january,Tuesday,26,Portland,29-Sep-23,350.25,3500,Humpty,High,MAJOR,2024-03-14T21:18:37.808000,84d817a2-1dfb-4cfa-9d12-ed5d6d585af7,1,2024-03-13T10:13:39.662973,174158244453800583b24ce450
419,nov,october,Saturday,25,San Francisco,14-Mar-15,250.75,2500,James,Low,WARNING,2024-03-14T21:03:37.807000,8324f7de-fe28-411f-8fab-7da7584b864d,1,2024-03-13T10:13:39.662700,174158244453800582b24ce450
420,dec,november,Sunday,26,Austin,29-Sep-22,350.25,3500,James,Planning,INFORMATION,2024-03-14T21:08:37.807000,31c9f5df-f1b4-4476-9570-8b7f78e27f92,1,2024-03-13T10:13:39.662763,174158244453800581b24ce450
421,jan,december,Monday,24,Hyderabad,07-Feb-14,108.28,10000,Bond,Critical,CRITICAL,2024-03-14T21:13:37.807000,c1ae8ec3-594a-438c-a8e4-e893e64aa4ff,1,2024-03-13T10:13:39.662814,174158244453800580b24ce450
398,feb,march,Saturday,26,Hyderabad,07-Feb-14,350.25,3500,Doe,Moderate,MINOR,2024-03-14T19:18:37.801000,745256a5-7ae1-42b9-af6e-52816d82f249,1,2024-03-13T10:13:39.661114,174158244453800606b24ce450
396,dec,january,Thursday,25,Austin,14-Mar-15,250.75,2500,Bond,Critical,CRITICAL,2024-03-14T19:08:37.800000,6b8be1ac-9604-4773-ab1d-1105d2efd28f,1,2024-03-13T10:13:39.661015,174158244453800605b24ce450
397,jan,february,Friday,26,Austin,29-Sep-22,350.25,3500,Humpty,High,MAJOR,2024-03-14T19:13:37.800000,b8c3fed5-1f86-413f-bf19-f2994d431c09,1,2024-03-13T10:13:39.661065,174158244453800604b24ce450
402,jun,july,Wednesday,25,Portland,29-Sep-22,250.75,2500,Doe,High,MAJOR,2024-03-14T19:38:37.802000,ecdf8033-316c-41f3-b13e-7fa69cf58a81,1,2024-03-13T10:13:39.661425,174158244453800603b24ce450
399,mar,april,Sunday,24,Hyderabad,05-Jan-13,108.28,10000,Humpty,Low,WARNING,2024-03-14T19:23:37.801000,cdeefcf6-bf53-4d10-a31c-a4713cf2cb42,1,2024-03-13T10:13:39.661221,174158244453800602b24ce450
400,apr,may,Monday,25,San Francisco,19-Apr-19,250.75,2500,Dumpty,Planning,INFORMATION,2024-03-14T19:28:37.801000,6ce6a9af-e973-4a3d-8f35-e90a6191fcd0,1,2024-03-13T10:13:39.661275,174158244453800601b24ce450
401,may,june,Tuesday,25,Hyderabad,14-Mar-15,250.75,2500,John,Critical,CRITICAL,2024-03-14T19:33:37.802000,1ba346b5-d4e6-44ec-9e0f-3283cf71c6ed,1,2024-03-13T10:13:39.661324,174158244453800600b24ce450
406,oct,december,Sunday,26,Hyderabad,01-Jul-12,350.25,3500,Dumpty,Critical,CRITICAL,2024-03-14T19:58:37.803000,320df5f9-31d9-419f-9e9c-28bc2bde91b4,1,2024-03-13T10:13:39.661686,174158244453800599b24ce450
403,jul,september,Thursday,25,Austin,07-Feb-14,250.75,2500,John,Moderate,MINOR,2024-03-14T19:43:37.802000,e427c137-a072-48d0-a4c8-94c32e9b4f4e,1,2024-03-13T10:13:39.661482,174158244453800598b24ce450
404,aug,october,Friday,26,Portland,29-Sep-23,350.25,3500,Bond,Low,WARNING,2024-03-14T19:48:37.802000,4a63b433-f41b-4127-8403-af8ac467b547,1,2024-03-13T10:13:39.661532,174158244453800597b24ce450
405,sep,november,Saturday,25,Hyderabad,22-Jun-17,250.75,2500,Bond,Planning,INFORMATION,2024-03-14T19:53:37.803000,ffe41738-88c3-4880-95b7-76e981183449,1,2024-03-13T10:13:39.661581,174158244453800596b24ce450
410,feb,january,Thursday,24,San Francisco,04-Nov-16,108.28,10000,John,Planning,INFORMATION,2024-03-14T20:18:37.804000,f45226fb-a689-470d-bf41-9c151f9958d2,1,2024-03-13T10:13:39.661946,174158244453800595b24ce450
407,nov,january,Monday,24,Hyderabad,20-May-19,108.28,10000,Humpty,High,MAJOR,2024-03-14T20:03:37.803000,f546bfff-b0ec-4dff-88c6-cf2b7f2ea391,1,2024-03-13T10:13:39.661793,174158244453800594b24ce450
408,dec,february,Tuesday,26,San Francisco,27-Aug-09,350.25,3500,Doe,Moderate,MINOR,2024-03-14T20:08:37.803000,ff36d67b-68e0-49a0-aaf0-06f39f5507d7,1,2024-03-13T10:13:39.661847,174158244453800593b24ce450
409,jan,march,Wednesday,25,Hyderabad,12-Oct-98,250.75,2500,Humpty,Low,WARNING,2024-03-14T20:13:37.804000,fbea1e90-1aa2-43ba-a447-7b75f795ae8c,1,2024-03-13T10:13:39.661897,174158244453800592b24ce450
411,mar,february,Friday,25,Hyderabad,25-Dec-23,250.75,2500,Doe,Critical,CRITICAL,2024-03-14T20:23:37.804000,5564c7d6-02f4-4892-a7fe-ef05e11ad4a0,1,2024-03-13T10:13:39.661993,174158244453800591b24ce450
390,jun,july,Friday,24,Hyderabad,27-Aug-09,108.28,10000,Doe,Planning,INFORMATION,2024-03-14T18:38:37.798000,a12a69b1-d7d8-4843-a8b2-e4e72a01c610,1,2024-03-13T10:13:39.660171,174158244453800613b24ce450
389,may,june,Thursday,26,Portland,20-May-19,350.25,3500,Doe,Low,WARNING,2024-03-14T18:33:37.798000,79503328-4843-473f-a0c6-1eafcc3a29ab,1,2024-03-13T10:13:39.660055,174158244453800612b24ce450
394,oct,november,Tuesday,26,Hyderabad,05-Jan-13,350.25,3500,Humpty,Low,WARNING,2024-03-14T18:58:37.800000,447dc7e7-1adc-4f76-acf3-b4c57b2532aa,1,2024-03-13T10:13:39.660779,174158244453800611b24ce450
391,jul,august,Saturday,24,Hyderabad,12-Oct-98,108.28,10000,Dumpty,Critical,CRITICAL,2024-03-14T18:43:37.799000,d4dd5184-364a-438e-b43b-288f4677d8d7,1,2024-03-13T10:13:39.660295,174158244453800610b24ce450
392,aug,september,Sunday,25,Austin,04-Nov-16,250.75,2500,John,High,MAJOR,2024-03-14T18:48:37.799000,a2d00e6d-aad7-419e-8249-17808312076f,1,2024-03-13T10:13:39.660476,174158244453800609b24ce450
393,sep,october,Monday,25,San Francisco,25-Dec-23,250.75,2500,Doe,Moderate,MINOR,2024-03-14T18:53:37.799000,bd422ba7-f3ce-456c-9d0c-c787e26e4adb,1,2024-03-13T10:13:39.660599,174158244453800608b24ce450
395,nov,december,Wednesday,26,Hyderabad,19-Apr-19,350.25,3500,John,Planning,INFORMATION,2024-03-14T19:03:37.800000,1b54e1fc-824f-4afa-b54d-d6aefd63ec12,1,2024-03-13T10:13:39.660955,174158244453800607b24ce450
386,feb,march,Monday,25,Hyderabad,29-Sep-23,250.75,2500,Doe,Critical,CRITICAL,2024-03-14T18:18:37.797000,cfc60b75-8225-444e-99cf-c831924585e7,1,2024-03-13T10:13:39.659492,174158244453800617b24ce450
385,jan,february,Sunday,24,San Francisco,07-Feb-14,108.28,10000,Dumpty,Planning,INFORMATION,2024-03-14T18:13:37.797000,348b266a-ec38-45c4-9b55-298325e57fad,1,2024-03-13T10:13:39.659380,174158244453800616b24ce450
387,mar,april,Tuesday,25,Hyderabad,22-Jun-17,250.75,2500,Humpty,High,MAJOR,2024-03-14T18:23:37.797000,1fe9f3b9-abbd-4f7f-9ba5-07e70be689b7,1,2024-03-13T10:13:39.659701,174158244453800615b24ce450
388,apr,may,Wednesday,24,Portland,01-Jul-12,108.28,10000,Dumpty,Moderate,MINOR,2024-03-14T18:28:37.798000,65f88981-69b3-4302-aba5-df63c7a2d1d1,1,2024-03-13T10:13:39.659919,174158244453800614b24ce450
383,nov,march,Friday,25,Hyderabad,14-Mar-15,250.75,2500,John,Moderate,MINOR,2024-03-14T18:03:37.796000,11e2b5a2-7cce-488f-9745-066fb5dae84e,1,2024-03-13T10:13:39.658682,174158244453800619b24ce450
384,dec,january,Saturday,24,San Francisco,29-Sep-22,108.28,10000,Dumpty,Low,WARNING,2024-03-14T18:08:37.797000,806475ca-a08d-4130-950f-7e5477a37108,1,2024-03-13T10:13:39.658750,174158244453800618b24ce450
374,feb,june,Wednesday,24,Hyderabad,01-Jul-12,108.28,10000,John,Low,WARNING,2024-03-14T17:18:37.793000,c303ccd8-e4db-4c9c-a86b-a57881780b39,1,2024-03-13T10:13:39.657026,174158244453800628b24ce450
378,jun,october,Sunday,24,Portland,01-Jul-12,108.28,10000,James,Moderate,MINOR,2024-03-14T17:38:37.795000,a436d787-c28f-4855-abdd-71d613965687,1,2024-03-13T10:13:39.657312,174158244453800627b24ce450
375,mar,july,Thursday,25,Hyderabad,07-Feb-14,250.75,2500,Bond,Planning,INFORMATION,2024-03-14T17:23:37.794000,96572e5b-a5e5-479d-bff9-f02f6d7def52,1,2024-03-13T10:13:39.657124,174158244453800626b24ce450
376,apr,august,Friday,25,San Francisco,29-Sep-23,250.75,2500,John,Critical,CRITICAL,2024-03-14T17:28:37.794000,3ded4f95-bc6d-4cb6-880c-ec6f3403fa25,1,2024-03-13T10:13:39.657181,174158244453800625b24ce450
377,may,september,Saturday,26,San Francisco,22-Jun-17,350.25,3500,Dumpty,High,MAJOR,2024-03-14T17:33:37.794000,37cd8fd2-6d57-4116-b20f-d4310f1da168,1,2024-03-13T10:13:39.657233,174158244453800624b24ce450
382,oct,february,Thursday,25,Austin,19-Apr-19,250.75,2500,James,High,MAJOR,2024-03-14T17:58:37.796000,ffe41967-9187-4843-963f-8a50884a6e2c,1,2024-03-13T10:13:39.657645,174158244453800623b24ce450
379,jul,november,Monday,26,Portland,07-Feb-14,350.25,3500,John,Low,WARNING,2024-03-14T17:43:37.795000,faace811-184c-4152-9c86-257d81e0f1f8,1,2024-03-13T10:13:39.657366,174158244453800622b24ce450
380,aug,december,Tuesday,26,San Francisco,29-Sep-23,350.25,3500,James,Planning,INFORMATION,2024-03-14T17:48:37.795000,bd9eea8b-8466-4543-8d5c-f95ade475a23,1,2024-03-13T10:13:39.657416,174158244453800621b24ce450
381,sep,january,Wednesday,25,Hyderabad,05-Jan-13,250.75,2500,Doe,Critical,CRITICAL,2024-03-14T17:53:37.796000,f393ff45-4341-4508-8afb-db8dafea3dcb,1,2024-03-13T10:13:39.657580,174158244453800620b24ce450
366,jun,october,Tuesday,24,Portland,01-Jul-12,108.28,10000,Bond,Critical,CRITICAL,2024-03-14T16:38:37.791000,2c2bf2f8-925e-4049-b1c8-522103bde4af,1,2024-03-13T10:13:39.656069,174158244453800637b24ce450
365,may,september,Monday,26,San Francisco,22-Jun-17,350.25,3500,Dumpty,Planning,INFORMATION,2024-03-14T16:33:37.791000,fdbcf2bd-25db-4324-b13e-cce73fe33b41,1,2024-03-13T10:13:39.656021,174158244453800636b24ce450
370,oct,february,Saturday,26,Portland,01-Jul-12,350.25,3500,Doe,Planning,INFORMATION,2024-03-14T16:58:37.792000,a953d4eb-8609-4046-addc-7442623e9251,1,2024-03-13T10:13:39.656507,174158244453800635b24ce450
367,jul,november,Wednesday,26,San Francisco,07-Feb-14,350.25,3500,Bond,High,MAJOR,2024-03-14T16:43:37.792000,6a140bb3-0e73-475d-b932-cc9ce31da303,1,2024-03-13T10:13:39.656167,174158244453800634b24ce450
368,aug,december,Thursday,26,Hyderabad,29-Sep-23,350.25,3500,Humpty,Moderate,MINOR,2024-03-14T16:48:37.792000,53f510db-3b03-4a28-9ded-586b04489364,1,2024-03-13T10:13:39.656285,174158244453800633b24ce450
369,sep,january,Friday,26,Portland,22-Jun-17,350.25,3500,John,Low,WARNING,2024-03-14T16:53:37.792000,3003c7c6-b5ea-4d1e-8503-b89fe6c0a8a6,1,2024-03-13T10:13:39.656394,174158244453800632b24ce450
371,nov,march,Sunday,24,Portland,07-Feb-14,108.28,10000,Doe,Critical,CRITICAL,2024-03-14T17:03:37.793000,fd6951b8-eced-4816-a400-95a5e149ecce,1,2024-03-13T10:13:39.656622,174158244453800631b24ce450
372,dec,april,Monday,24,San Francisco,29-Sep-23,108.28,10000,James,High,MAJOR,2024-03-14T17:08:37.793000,d084e9d6-8c68-409e-a8c4-1d24c6c1781c,1,2024-03-13T10:13:39.656793,174158244453800630b24ce450
373,jan,may,Tuesday,26,Austin,22-Jun-17,350.25,3500,Dumpty,Moderate,MINOR,2024-03-14T17:13:37.793000,27b56b44-252e-4d0e-9f7d-2bd2f56eda11,1,2024-03-13T10:13:39.656908,174158244453800629b24ce450
358,oct,february,Monday,25,Austin,07-Feb-14,250.75,2500,Humpty,Moderate,MINOR,2024-03-14T15:58:37.789000,7b10a8a9-2098-42fb-9eaf-c61058da291f,1,2024-03-13T10:13:39.655683,174158244453900656b24ce450
355,jul,september,Friday,25,San Francisco,19-Apr-19,250.75,2500,Humpty,Planning,INFORMATION,2024-03-14T15:43:37.788000,2e440854-ce30-4216-bf7d-255d44206c4a,1,2024-03-13T10:13:39.655455,174158244453900655b24ce450
356,aug,october,Saturday,26,Austin,14-Mar-15,350.25,3500,Humpty,Critical,CRITICAL,2024-03-14T15:48:37.789000,977ec9eb-31d3-41bd-8a29-e01be38fb922,1,2024-03-13T10:13:39.655578,174158244453900654b24ce450
357,sep,january,Sunday,26,Hyderabad,29-Sep-22,350.25,3500,John,High,MAJOR,2024-03-14T15:53:37.789000,54a53f5b-d89d-4392-9149-e8a44bbe8fb2,1,2024-03-13T10:13:39.655634,174158244453900653b24ce450
346,oct,november,Wednesday,24,Austin,29-Sep-23,108.28,10000,Bond,Critical,CRITICAL,2024-03-14T14:58:37.786000,224042b1-5bd7-46e7-b985-756af5cc22a4,1,2024-03-13T10:13:39.655022,174158244453900652b24ce450
350,feb,march,Sunday,26,Austin,27-Aug-09,350.25,3500,Bond,Planning,INFORMATION,2024-03-14T15:18:37.787000,ba6e68a0-4bfe-4176-a870-e337e6191515,1,2024-03-13T10:13:39.655214,174158244453900651b24ce450
347,nov,december,Thursday,24,Austin,22-Jun-17,108.28,10000,Doe,High,MAJOR,2024-03-14T15:03:37.786000,61410dfd-77c0-4927-87e2-317bbfa51481,1,2024-03-13T10:13:39.655070,174158244453900650b24ce450
348,dec,january,Friday,25,San Francisco,01-Jul-12,250.75,2500,Dumpty,Moderate,MINOR,2024-03-14T15:08:37.787000,1d0976d8-4f41-4ee1-be55-f894827be7a6,1,2024-03-13T10:13:39.655118,174158244453900649b24ce450
349,jan,february,Saturday,26,San Francisco,20-May-19,350.25,3500,Doe,Low,WARNING,2024-03-14T15:13:37.787000,141a7624-b404-43c0-a1b1-1704526e23d5,1,2024-03-13T10:13:39.655166,174158244453900648b24ce450
354,jun,july,Thursday,25,Hyderabad,05-Jan-13,250.75,2500,Doe,Low,WARNING,2024-03-14T15:38:37.788000,bf58373c-9395-4cdc-a625-bc4040004dd4,1,2024-03-13T10:13:39.655407,174158244453900647b24ce450
351,mar,april,Monday,26,Hyderabad,12-Oct-98,350.25,3500,Dumpty,Critical,CRITICAL,2024-03-14T15:23:37.787000,76ce272a-a16c-4819-80a5-646eeda0628d,1,2024-03-13T10:13:39.655261,174158244453900646b24ce450
352,apr,may,Tuesday,25,San Francisco,04-Nov-16,250.75,2500,Humpty,High,MAJOR,2024-03-14T15:28:37.788000,5ca8fc5d-0d5b-4d6e-8e1b-158dfc2f3e90,1,2024-03-13T10:13:39.655311,174158244453900645b24ce450
353,may,june,Wednesday,24,Portland,25-Dec-23,108.28,10000,James,Moderate,MINOR,2024-03-14T15:33:37.788000,1f99cd65-a36d-4d35-a369-e8b52f14ec2e,1,2024-03-13T10:13:39.655360,174158244453900644b24ce450
363,mar,july,Saturday,25,San Francisco,07-Feb-14,250.75,2500,Humpty,Moderate,MINOR,2024-03-14T16:23:37.791000,d923ba91-d1f0-45c5-b68b-48a1ae541987,1,2024-03-13T10:13:39.655924,174158244453900643b24ce450
364,apr,august,Sunday,25,Austin,29-Sep-23,250.75,2500,James,Low,WARNING,2024-03-14T16:28:37.791000,1eab0fe6-cac1-489b-89ca-4df655e3db43,1,2024-03-13T10:13:39.655973,174158244453900642b24ce450
362,feb,june,Friday,25,Portland,29-Sep-22,250.75,2500,Doe,High,MAJOR,2024-03-14T16:18:37.790000,7976c79c-5a72-42ff-bb2b-9251450b487f,1,2024-03-13T10:13:39.655876,174158244453900641b24ce450
359,nov,march,Tuesday,25,Hyderabad,29-Sep-23,250.75,2500,Bond,Low,WARNING,2024-03-14T16:03:37.789000,2669fa47-6771-4f66-839e-b5768abe8e25,1,2024-03-13T10:13:39.655731,174158244453800640b24ce450
360,dec,april,Wednesday,24,Austin,22-Jun-17,108.28,10000,James,Planning,INFORMATION,2024-03-14T16:08:37.790000,c4d65683-ff89-4f3f-94d7-cb57e7140ad8,1,2024-03-13T10:13:39.655780,174158244453800639b24ce450
361,jan,may,Thursday,25,Hyderabad,14-Mar-15,250.75,2500,Bond,Critical,CRITICAL,2024-03-14T16:13:37.790000,4665142f-f0b9-42a9-9682-2d95db1df2e8,1,2024-03-13T10:13:39.655828,174158244453800638b24ce450
326,feb,june,Thursday,25,San Francisco,29-Sep-22,250.75,2500,Dumpty,Critical,CRITICAL,2024-03-14T13:18:37.781000,bb2ad148-0a3a-44f7-83ce-6259054b9cc6,1,2024-03-13T10:13:39.654060,174158244453900677b24ce450
325,jan,may,Wednesday,25,Austin,14-Mar-15,250.75,2500,John,Planning,INFORMATION,2024-03-14T13:13:37.780000,e4b1970b-f0a2-4ffe-bf16-d8c81a3c40c6,1,2024-03-13T10:13:39.654012,174158244453900676b24ce450
330,jun,october,Monday,25,San Francisco,01-Jul-12,250.75,2500,John,Planning,INFORMATION,2024-03-14T13:38:37.782000,928fb946-0ffc-4104-89e1-ef6ff6dcda8c,1,2024-03-13T10:13:39.654253,174158244453900675b24ce450
327,mar,july,Friday,26,San Francisco,07-Feb-14,350.25,3500,James,High,MAJOR,2024-03-14T13:23:37.781000,7488ba9a-9af1-4475-a0e8-035b246ff220,1,2024-03-13T10:13:39.654108,174158244453900674b24ce450
328,apr,august,Saturday,24,Austin,29-Sep-23,108.28,10000,James,Moderate,MINOR,2024-03-14T13:28:37.781000,1138047d-a0e6-4317-be7d-223c0049a084,1,2024-03-13T10:13:39.654157,174158244453900673b24ce450
329,may,september,Sunday,26,Austin,22-Jun-17,350.25,3500,John,Low,WARNING,2024-03-14T13:33:37.781000,cb06b00a-f2e4-4b01-ab6e-82f458ba0736,1,2024-03-13T10:13:39.654205,174158244453900672b24ce450
334,oct,february,Friday,26,Austin,04-Nov-16,350.25,3500,John,Low,WARNING,2024-03-14T13:58:37.783000,582c1eda-92cd-45c1-a606-ada1280303e0,1,2024-03-13T10:13:39.654446,174158244453900671b24ce450
331,jul,november,Tuesday,25,San Francisco,20-May-19,250.75,2500,John,Critical,CRITICAL,2024-03-14T13:43:37.782000,dda95bc9-dbc6-434e-a796-388df3a7e250,1,2024-03-13T10:13:39.654301,174158244453900670b24ce450
332,aug,december,Wednesday,25,Portland,27-Aug-09,250.75,2500,Doe,High,MAJOR,2024-03-14T13:48:37.782000,e38e17b8-59fa-435d-b8b2-fcf525b8bf60,1,2024-03-13T10:13:39.654350,174158244453900669b24ce450
333,sep,january,Thursday,25,Austin,12-Oct-98,250.75,2500,Bond,Moderate,MINOR,2024-03-14T13:53:37.782000,2a778f17-51f3-4898-9f26-7cc4d948d1e4,1,2024-03-13T10:13:39.654398,174158244453900668b24ce450
338,feb,march,Tuesday,24,Hyderabad,14-Mar-15,108.28,10000,Bond,Moderate,MINOR,2024-03-14T14:18:37.784000,fc25b95f-72a8-4917-8d16-9f1d78dad338,1,2024-03-13T10:13:39.654638,174158244453900667b24ce450
335,nov,march,Saturday,24,Austin,25-Dec-23,108.28,10000,Humpty,Planning,INFORMATION,2024-03-14T14:03:37.783000,83f46988-c399-4df0-8f37-a298b07dd5d9,1,2024-03-13T10:13:39.654494,174158244453900666b24ce450
336,dec,january,Sunday,25,San Francisco,05-Jan-13,250.75,2500,Bond,Critical,CRITICAL,2024-03-14T14:08:37.783000,359b10b9-4f12-45ea-93a3-6ad5cf93451e,1,2024-03-13T10:13:39.654542,174158244453900665b24ce450
337,jan,february,Monday,24,Portland,19-Apr-19,108.28,10000,John,High,MAJOR,2024-03-14T14:13:37.783000,fd0dcb89-ae59-40f1-a501-4e5764d6bab1,1,2024-03-13T10:13:39.654591,174158244453900664b24ce450
342,jun,july,Saturday,25,Hyderabad,22-Jun-17,250.75,2500,James,High,MAJOR,2024-03-14T14:38:37.785000,c2edcf19-c948-4919-82cd-ea52ab4af4a8,1,2024-03-13T10:13:39.654830,174158244453900663b24ce450
339,mar,april,Wednesday,24,San Francisco,29-Sep-22,108.28,10000,Dumpty,Low,WARNING,2024-03-14T14:23:37.784000,9601de87-1a36-434d-a810-a2cc266a7c0a,1,2024-03-13T10:13:39.654686,174158244453900662b24ce450
340,apr,may,Thursday,26,Portland,07-Feb-14,350.25,3500,Humpty,Planning,INFORMATION,2024-03-14T14:28:37.784000,066e0bb5-b5d5-4b31-b58a-5b75eeaf1220,1,2024-03-13T10:13:39.654734,174158244453900661b24ce450
341,may,june,Friday,26,Hyderabad,29-Sep-23,350.25,3500,John,Critical,CRITICAL,2024-03-14T14:33:37.785000,b86fc29b-6eac-4474-97c8-fcf7016eaea7,1,2024-03-13T10:13:39.654783,174158244453900660b24ce450
343,jul,august,Sunday,26,San Francisco,14-Mar-15,350.25,3500,Doe,Moderate,MINOR,2024-03-14T14:43:37.785000,5598532c-1870-4cdc-9c28-d33f2d54b189,1,2024-03-13T10:13:39.654878,174158244453900659b24ce450
344,aug,september,Monday,24,Portland,29-Sep-22,108.28,10000,John,Low,WARNING,2024-03-14T14:48:37.785000,e10f9a7b-0e45-44dc-a2ba-dbca8264ed8e,1,2024-03-13T10:13:39.654926,174158244453900658b24ce450
345,sep,october,Tuesday,26,Hyderabad,07-Feb-14,350.25,3500,Humpty,Planning,INFORMATION,2024-03-14T14:53:37.786000,2b8f5b49-8c57-4293-9e90-355d06157c44,1,2024-03-13T10:13:39.654974,174158244453900657b24ce450
318,jun,january,Wednesday,25,Austin,05-Jan-13,250.75,2500,John,Moderate,MINOR,2024-03-14T12:38:37.778000,82dbfa62-d018-4650-801b-0535fc3ce8fa,1,2024-03-13T10:13:39.653574,174158244453900695b24ce450
315,mar,october,Sunday,25,Hyderabad,12-Oct-98,250.75,2500,Bond,Planning,INFORMATION,2024-03-14T12:23:37.778000,ccd34643-4889-4ad7-8f4a-47d1fdfd7851,1,2024-03-13T10:13:39.653427,174158244453900694b24ce450
316,apr,november,Monday,26,Hyderabad,04-Nov-16,350.25,3500,Doe,Critical,CRITICAL,2024-03-14T12:28:37.778000,f6652736-13d2-4b73-81e7-9dd350dd6d22,1,2024-03-13T10:13:39.653477,174158244453900693b24ce450
317,may,december,Tuesday,25,Portland,25-Dec-23,250.75,2500,Bond,High,MAJOR,2024-03-14T12:33:37.778000,3ab89850-8aea-42ea-b677-df73ab3f7e75,1,2024-03-13T10:13:39.653525,174158244453900692b24ce450
322,oct,february,Sunday,24,Portland,07-Feb-14,108.28,10000,Doe,High,MAJOR,2024-03-14T12:58:37.779000,8e6d523a-5be2-46e6-a591-6baef221cb8f,1,2024-03-13T10:13:39.653861,174158244453900691b24ce450
319,jul,february,Thursday,24,Austin,19-Apr-19,108.28,10000,James,Low,WARNING,2024-03-14T12:43:37.779000,2b48418f-ae5e-4f9a-919b-5f3a63fdc7db,1,2024-03-13T10:13:39.653622,174158244453900690b24ce450
320,aug,march,Friday,25,Portland,14-Mar-15,250.75,2500,Dumpty,Planning,INFORMATION,2024-03-14T12:48:37.779000,87c4ad7d-c0f6-4391-86f9-2435e341fe55,1,2024-03-13T10:13:39.653671,174158244453900689b24ce450
321,sep,january,Saturday,25,Portland,29-Sep-22,250.75,2500,Dumpty,Critical,CRITICAL,2024-03-14T12:53:37.779000,dd6bc3b5-4e4b-4765-b84b-b85d4e7592d0,1,2024-03-13T10:13:39.653783,174158244453900688b24ce450
323,nov,march,Monday,24,Portland,05-Jan-13,108.28,10000,Doe,Moderate,MINOR,2024-03-14T13:03:37.780000,9cb8a396-fbff-406d-a402-46b525212344,1,2024-03-13T10:13:39.653915,174158244453900687b24ce450
324,dec,april,Tuesday,26,Hyderabad,19-Apr-19,350.25,3500,Dumpty,Low,WARNING,2024-03-14T13:08:37.780000,fd428660-073d-4736-8362-7c2edf20a65f,1,2024-03-13T10:13:39.653964,174158244453900686b24ce450
310,oct,april,Tuesday,24,San Francisco,29-Sep-23,108.28,10000,James,Planning,INFORMATION,2024-03-14T11:58:37.776000,5b132602-19ba-4a87-9756-b0442c0e5b03,1,2024-03-13T10:13:39.653172,174158244453900685b24ce450
307,jul,january,Saturday,26,Hyderabad,14-Mar-15,350.25,3500,John,High,MAJOR,2024-03-14T11:43:37.775000,ae88a138-45f1-4b4a-8cd3-ca357d831b3d,1,2024-03-13T10:13:39.653023,174158244453900684b24ce450
308,aug,february,Sunday,25,Austin,29-Sep-22,250.75,2500,Humpty,Moderate,MINOR,2024-03-14T11:48:37.775000,4084098e-301f-4192-9d15-6671b6b48d9f,1,2024-03-13T10:13:39.653074,174158244453900683b24ce450
309,sep,march,Monday,26,Hyderabad,07-Feb-14,350.25,3500,Humpty,Low,WARNING,2024-03-14T11:53:37.776000,e7aa0237-ab86-4507-83d2-4d497cc6ab97,1,2024-03-13T10:13:39.653122,174158244453900682b24ce450
314,feb,september,Saturday,24,Austin,27-Aug-09,108.28,10000,John,Low,WARNING,2024-03-14T12:18:37.777000,31b94a2e-31ba-4578-93a9-a3ba2dbf3052,1,2024-03-13T10:13:39.653378,174158244453900681b24ce450
311,nov,may,Wednesday,24,Austin,22-Jun-17,108.28,10000,Dumpty,Critical,CRITICAL,2024-03-14T12:03:37.776000,0fccf3fc-2dd6-4686-b7fe-ec4b24aa3039,1,2024-03-13T10:13:39.653229,174158244453900680b24ce450
312,dec,june,Thursday,24,Hyderabad,01-Jul-12,108.28,10000,Bond,High,MAJOR,2024-03-14T12:08:37.777000,8c796e00-e8a5-4e6a-8a99-2e2d5b56d205,1,2024-03-13T10:13:39.653280,174158244453900679b24ce450
313,jan,july,Friday,24,Austin,20-May-19,108.28,10000,Doe,Moderate,MINOR,2024-03-14T12:13:37.777000,58b0af0c-bcc0-45ed-b020-28a38a5d044c,1,2024-03-13T10:13:39.653329,174158244453900678b24ce450
302,feb,august,Monday,25,San Francisco,01-Jul-12,250.75,2500,Doe,High,MAJOR,2024-03-14T11:18:37.774000,37e4db31-7543-448a-9180-8319b2f46baf,1,2024-03-13T10:13:39.652609,174158244453900702b24ce450
300,dec,june,Saturday,24,San Francisco,29-Sep-23,108.28,10000,John,Planning,INFORMATION,2024-03-14T11:08:37.773000,092e0f4e-23dc-41c3-8ec6-ec9b38e5fe7f,1,2024-03-13T10:13:39.652479,174158244453900701b24ce450
301,jan,july,Sunday,26,San Francisco,22-Jun-17,350.25,3500,Bond,Critical,CRITICAL,2024-03-14T11:13:37.773000,54b98ccb-7a2b-462a-9644-3528729bc5bc,1,2024-03-13T10:13:39.652558,174158244453900700b24ce450
306,jun,december,Friday,25,San Francisco,19-Apr-19,250.75,2500,John,Critical,CRITICAL,2024-03-14T11:38:37.775000,de0a71e1-aa88-409f-a2c7-deb07236b431,1,2024-03-13T10:13:39.652973,174158244453900699b24ce450
303,mar,september,Tuesday,26,Austin,07-Feb-14,350.25,3500,Dumpty,Moderate,MINOR,2024-03-14T11:23:37.774000,356f4b63-a912-4b12-9a21-d4614aed577b,1,2024-03-13T10:13:39.652659,174158244453900698b24ce450
304,apr,october,Wednesday,24,Austin,29-Sep-23,108.28,10000,Dumpty,Low,WARNING,2024-03-14T11:28:37.774000,31f0a425-82d5-492a-9b97-32a8d44d01d5,1,2024-03-13T10:13:39.652709,174158244453900697b24ce450
305,may,november,Thursday,25,San Francisco,05-Jan-13,250.75,2500,James,Planning,INFORMATION,2024-03-14T11:33:37.775000,abc082a9-2d92-46e2-bf57-2cd82650db02,1,2024-03-13T10:13:39.652916,174158244453900696b24ce450
294,jun,march,Sunday,26,Hyderabad,01-Jul-12,350.25,3500,John,Low,WARNING,2024-03-14T10:38:37.772000,679f2c99-d070-4e4c-8f83-b4408db6e094,1,2024-03-13T10:13:39.638126,174158244453900710b24ce450
292,apr,january,Friday,24,San Francisco,29-Sep-23,108.28,10000,James,High,MAJOR,2024-03-14T10:28:37.771000,0c1e09f4-e755-44f3-8aff-4ca7d40e55e6,1,2024-03-13T10:13:39.638029,174158244453900709b24ce450
293,may,february,Saturday,26,Portland,22-Jun-17,350.25,3500,Doe,Moderate,MINOR,2024-03-14T10:33:37.771000,5791f80c-4948-4195-b3ac-35cef4961f73,1,2024-03-13T10:13:39.638079,174158244453900708b24ce450
298,oct,april,Thursday,24,Austin,01-Jul-12,108.28,10000,John,Moderate,MINOR,2024-03-14T10:58:37.773000,e56f8626-d5e3-4ce8-a696-fa17988ff8d9,1,2024-03-13T10:13:39.638349,174158244453900707b24ce450
295,jul,january,Monday,24,Portland,07-Feb-14,108.28,10000,John,Planning,INFORMATION,2024-03-14T10:43:37.772000,5776517a-1a6f-458e-b8ea-a7a4d44f0725,1,2024-03-13T10:13:39.638175,174158244453900706b24ce450
296,aug,february,Tuesday,25,Portland,29-Sep-23,250.75,2500,James,Critical,CRITICAL,2024-03-14T10:48:37.772000,e2f359d0-ea15-4270-a822-af133aca01e2,1,2024-03-13T10:13:39.638247,174158244453900705b24ce450
297,sep,march,Wednesday,25,Portland,22-Jun-17,250.75,2500,Dumpty,High,MAJOR,2024-03-14T10:53:37.772000,2987565c-ea03-40a1-8ede-4b4c8d06019f,1,2024-03-13T10:13:39.638299,174158244453900704b24ce450
299,nov,may,Friday,25,Austin,07-Feb-14,250.75,2500,Bond,Low,WARNING,2024-03-14T11:03:37.773000,5eab7806-f463-4ec7-84fb-99d89289a529,1,2024-03-13T10:13:39.638421,174158244453900703b24ce450
274,oct,july,Monday,25,San Francisco,27-Aug-09,250.75,2500,John,Low,WARNING,2024-03-14T08:58:37.766000,20d87dd9-db8c-47ee-85c8-6bdc6bba0480,1,2024-03-13T10:13:39.637085,174158244453900729b24ce450
273,sep,june,Sunday,26,Austin,20-May-19,350.25,3500,Humpty,Moderate,MINOR,2024-03-14T08:53:37.766000,bb31dbf2-d3d6-4e9d-ae2f-505cc8718678,1,2024-03-13T10:13:39.637036,174158244453900728b24ce450
278,feb,november,Friday,24,Austin,05-Jan-13,108.28,10000,James,Moderate,MINOR,2024-03-14T09:18:37.767000,a358d551-0c47-4eea-b6c1-8999d7060e36,1,2024-03-13T10:13:39.637300,174158244453900727b24ce450
275,nov,august,Tuesday,25,Austin,12-Oct-98,250.75,2500,Bond,Planning,INFORMATION,2024-03-14T09:03:37.766000,f27fe281-349a-4d28-857f-8f7cb0c51066,1,2024-03-13T10:13:39.637149,174158244453900726b24ce450
276,dec,september,Wednesday,24,Portland,04-Nov-16,108.28,10000,John,Critical,CRITICAL,2024-03-14T09:08:37.767000,ac350ee3-e904-4dc5-8ece-e91c5e799013,1,2024-03-13T10:13:39.637202,174158244453900725b24ce450
277,jan,october,Thursday,26,San Francisco,25-Dec-23,350.25,3500,John,High,MAJOR,2024-03-14T09:13:37.767000,d497bf23-8e5e-4a76-b544-098c54fd221b,1,2024-03-13T10:13:39.637250,174158244453900724b24ce450
282,jun,march,Tuesday,26,San Francisco,07-Feb-14,350.25,3500,James,High,MAJOR,2024-03-14T09:38:37.768000,2b25dcdf-9ba6-4e26-8f19-ba613b4d6e7a,1,2024-03-13T10:13:39.637519,174158244453900723b24ce450
279,mar,december,Saturday,26,Austin,19-Apr-19,350.25,3500,Bond,Low,WARNING,2024-03-14T09:23:37.767000,167c1548-7b18-4769-b4ad-cf64a98fa03a,1,2024-03-13T10:13:39.637363,174158244453900722b24ce450
280,apr,january,Sunday,26,Portland,14-Mar-15,350.25,3500,John,Planning,INFORMATION,2024-03-14T09:28:37.768000,3513fdc8-7a98-4aee-8d0c-f2882ba29757,1,2024-03-13T10:13:39.637414,174158244453900721b24ce450
281,may,february,Monday,24,Hyderabad,29-Sep-22,108.28,10000,Humpty,Critical,CRITICAL,2024-03-14T09:33:37.768000,44905191-46be-41b2-8167-08042ed5fc2f,1,2024-03-13T10:13:39.637463,174158244453900720b24ce450
286,oct,july,Saturday,24,Austin,29-Sep-22,108.28,10000,Dumpty,Critical,CRITICAL,2024-03-14T09:58:37.769000,aa3202ef-8614-433d-a07e-096b4d4e1ab6,1,2024-03-13T10:13:39.637720,174158244453900719b24ce450
283,jul,april,Wednesday,24,Austin,29-Sep-23,108.28,10000,Humpty,Moderate,MINOR,2024-03-14T09:43:37.769000,8a128e41-5608-448a-a547-bd36772023cd,1,2024-03-13T10:13:39.637567,174158244453900718b24ce450
284,aug,may,Thursday,25,Portland,22-Jun-17,250.75,2500,Dumpty,Low,WARNING,2024-03-14T09:48:37.769000,e3881f81-676c-4c47-aab9-fbc5d9223b49,1,2024-03-13T10:13:39.637615,174158244453900717b24ce450
285,sep,june,Friday,26,Portland,14-Mar-15,350.25,3500,James,Planning,INFORMATION,2024-03-14T09:53:37.769000,d924487f-ae86-4564-9b5f-c1fb9f4ec4c6,1,2024-03-13T10:13:39.637669,174158244453900716b24ce450
290,feb,november,Wednesday,24,Hyderabad,01-Jul-12,108.28,10000,Doe,Planning,INFORMATION,2024-03-14T10:18:37.770000,07f220f4-f74a-433b-8f63-660b30d1344e,1,2024-03-13T10:13:39.637925,174158244453900715b24ce450
287,nov,august,Sunday,26,Hyderabad,07-Feb-14,350.25,3500,Bond,High,MAJOR,2024-03-14T10:03:37.770000,e314acc0-4458-40dc-917b-5e4e020e623d,1,2024-03-13T10:13:39.637768,174158244453900714b24ce450
288,dec,september,Monday,24,Hyderabad,29-Sep-23,108.28,10000,Bond,Moderate,MINOR,2024-03-14T10:08:37.770000,50594af6-ee9a-498c-9a97-ffdcf16cc9d5,1,2024-03-13T10:13:39.637817,174158244453900713b24ce450
289,jan,october,Tuesday,26,Portland,22-Jun-17,350.25,3500,Dumpty,Low,WARNING,2024-03-14T10:13:37.770000,9803314c-0d8b-409a-b3c0-c01b7fc91b31,1,2024-03-13T10:13:39.637876,174158244453900712b24ce450
291,mar,december,Thursday,25,Austin,07-Feb-14,250.75,2500,Bond,Critical,CRITICAL,2024-03-14T10:23:37.771000,264dda79-9bcb-4f76-b9df-152a121abcb5,1,2024-03-13T10:13:39.637975,174158244453900711b24ce450
258,jun,december,Saturday,26,Austin,04-Nov-16,350.25,3500,James,Moderate,MINOR,2024-03-14T07:38:37.762000,c96b99f0-3135-4ed9-ac8f-0dd536163455,1,2024-03-13T10:13:39.636189,174158244453900747b24ce450
255,mar,september,Wednesday,24,San Francisco,20-May-19,108.28,10000,John,Planning,INFORMATION,2024-03-14T07:23:37.761000,2a53117a-2e3c-499d-a33a-b389182ee337,1,2024-03-13T10:13:39.636026,174158244453900746b24ce450
256,apr,october,Thursday,25,San Francisco,27-Aug-09,250.75,2500,James,Critical,CRITICAL,2024-03-14T07:28:37.761000,88f1b553-8101-4390-a2eb-a27057e6b633,1,2024-03-13T10:13:39.636078,174158244453900745b24ce450
257,may,november,Friday,25,Austin,12-Oct-98,250.75,2500,Humpty,High,MAJOR,2024-03-14T07:33:37.761000,679fc87e-6be5-4c4d-9599-80b193c38fce,1,2024-03-13T10:13:39.636127,174158244453900744b24ce450
262,oct,april,Wednesday,25,San Francisco,14-Mar-15,250.75,2500,James,High,MAJOR,2024-03-14T07:58:37.763000,3268b86c-a045-4305-8d46-0cddcfb0b492,1,2024-03-13T10:13:39.636406,174158244453900743b24ce450
259,jul,january,Sunday,26,Hyderabad,25-Dec-23,350.25,3500,Dumpty,Low,WARNING,2024-03-14T07:43:37.762000,502e91c0-843c-482a-8449-8382fe155172,1,2024-03-13T10:13:39.636244,174158244453900742b24ce450
260,aug,february,Monday,25,Portland,05-Jan-13,250.75,2500,Dumpty,Planning,INFORMATION,2024-03-14T07:48:37.762000,1e0d8c3c-f1a1-4483-bb1a-a84fbd8e1ccb,1,2024-03-13T10:13:39.636295,174158244453900741b24ce450
261,sep,march,Tuesday,24,Portland,19-Apr-19,108.28,10000,Humpty,Critical,CRITICAL,2024-03-14T07:53:37.762000,89dd388a-c816-4db8-ac42-fbb463c20286,1,2024-03-13T10:13:39.636343,174158244453900740b24ce450
266,feb,september,Sunday,26,Austin,22-Jun-17,350.25,3500,Humpty,Critical,CRITICAL,2024-03-14T08:18:37.764000,cf28e554-a029-4012-93d1-24de046d53ff,1,2024-03-13T10:13:39.636623,174158244453900739b24ce450
263,nov,may,Thursday,24,Portland,29-Sep-22,108.28,10000,John,Moderate,MINOR,2024-03-14T08:03:37.763000,834bb766-c7de-4ae3-8454-f6fb80bdec07,1,2024-03-13T10:13:39.636459,174158244453900738b24ce450
264,dec,june,Friday,24,Portland,07-Feb-14,108.28,10000,Bond,Low,WARNING,2024-03-14T08:08:37.763000,6e7afe9e-c023-46b7-8681-8294605f126d,1,2024-03-13T10:13:39.636507,174158244453900737b24ce450
265,jan,july,Saturday,25,San Francisco,29-Sep-23,250.75,2500,Dumpty,Planning,INFORMATION,2024-03-14T08:13:37.763000,1f1f34b1-77a4-4914-a1cb-7ad02dd70fa3,1,2024-03-13T10:13:39.636569,174158244453900736b24ce450
270,jun,march,Thursday,26,Austin,29-Sep-23,350.25,3500,John,Planning,INFORMATION,2024-03-14T08:38:37.765000,b481e2a7-2416-4d0c-9d88-209541012f4d,1,2024-03-13T10:13:39.636859,174158244453900735b24ce450
267,mar,october,Monday,25,San Francisco,14-Mar-15,250.75,2500,John,High,MAJOR,2024-03-14T08:23:37.764000,0b6f9da2-39d3-444c-8021-0183c8ccd74b,1,2024-03-13T10:13:39.636672,174158244453900734b24ce450
268,apr,january,Tuesday,24,Hyderabad,29-Sep-22,108.28,10000,James,Moderate,MINOR,2024-03-14T08:28:37.764000,7b0ec6b9-04a7-4d06-86e2-7edc2051336d,1,2024-03-13T10:13:39.636748,174158244453900733b24ce450
269,may,february,Wednesday,26,Hyderabad,07-Feb-14,350.25,3500,Doe,Low,WARNING,2024-03-14T08:33:37.765000,215091d9-89d2-4ce2-8e71-c38dfeb86609,1,2024-03-13T10:13:39.636809,174158244453900732b24ce450
271,jul,april,Friday,24,Austin,22-Jun-17,108.28,10000,Dumpty,Critical,CRITICAL,2024-03-14T08:43:37.765000,e233808b-27a6-49d2-a45b-fdbf7ce8e82c,1,2024-03-13T10:13:39.636933,174158244453900731b24ce450
272,aug,may,Saturday,24,San Francisco,01-Jul-12,108.28,10000,Dumpty,High,MAJOR,2024-03-14T08:48:37.765000,bca29a50-2f20-4fdc-8a62-24157c3111ba,1,2024-03-13T10:13:39.636986,174158244453900730b24ce450
238,oct,july,Sunday,24,Portland,27-Aug-09,108.28,10000,Humpty,Moderate,MINOR,2024-03-14T05:58:37.756000,cd22e586-05de-48ec-8a7f-02aa1bcc8cfd,1,2024-03-13T10:13:39.635044,174158244453900764b24ce450
242,feb,november,Thursday,24,Hyderabad,05-Jan-13,108.28,10000,Humpty,High,MAJOR,2024-03-14T06:18:37.757000,3ca52675-d396-40fe-8848-fd8a4ee3aa46,1,2024-03-13T10:13:39.635288,174158244453900763b24ce450
239,nov,august,Monday,25,Austin,12-Oct-98,250.75,2500,Doe,Low,WARNING,2024-03-14T06:03:37.756000,7d9fccc5-8d75-4b3c-b8af-ca1fb30f17c0,1,2024-03-13T10:13:39.635093,174158244453900762b24ce450
240,dec,september,Tuesday,25,Austin,04-Nov-16,250.75,2500,Bond,Planning,INFORMATION,2024-03-14T06:08:37.756000,5760bbce-a5f0-4dd4-b884-76f5b04fe661,1,2024-03-13T10:13:39.635142,174158244453900761b24ce450
241,jan,october,Wednesday,26,Hyderabad,25-Dec-23,350.25,3500,Bond,Critical,CRITICAL,2024-03-14T06:13:37.757000,fbb0d4c1-6ed7-4310-86ba-52ba4e84659d,1,2024-03-13T10:13:39.635232,174158244453900760b24ce450
246,jun,march,Monday,26,Hyderabad,07-Feb-14,350.25,3500,Doe,Critical,CRITICAL,2024-03-14T06:38:37.758000,5e2d25f0-2c1a-4acb-8f6e-f7c039311b79,1,2024-03-13T10:13:39.635491,174158244453900759b24ce450
243,mar,december,Friday,25,Hyderabad,19-Apr-19,250.75,2500,Humpty,Moderate,MINOR,2024-03-14T06:23:37.757000,f77ff18f-e574-44c0-932a-0803631ade9b,1,2024-03-13T10:13:39.635338,174158244453900758b24ce450
244,apr,january,Saturday,24,San Francisco,14-Mar-15,108.28,10000,Bond,Low,WARNING,2024-03-14T06:28:37.757000,2868f1bd-c14d-44f5-a9ac-7e79e3c4b6f1,1,2024-03-13T10:13:39.635387,174158244453900757b24ce450
245,may,february,Sunday,24,Austin,29-Sep-22,108.28,10000,James,Planning,INFORMATION,2024-03-14T06:33:37.758000,f0f98a6b-9eba-4bd9-9cf1-5cce9d6d0942,1,2024-03-13T10:13:39.635442,174158244453900756b24ce450
250,oct,april,Friday,24,Portland,29-Sep-22,108.28,10000,Bond,Planning,INFORMATION,2024-03-14T06:58:37.759000,95354714-84e5-420a-b85f-1de869fefc07,1,2024-03-13T10:13:39.635714,174158244453900755b24ce450
247,jul,january,Tuesday,24,Austin,05-Jan-13,108.28,10000,Dumpty,High,MAJOR,2024-03-14T06:43:37.758000,9b3b660e-918c-4941-bfe8-86ad86d0e601,1,2024-03-13T10:13:39.635541,174158244453900754b24ce450
248,aug,february,Wednesday,25,Hyderabad,19-Apr-19,250.75,2500,Bond,Moderate,MINOR,2024-03-14T06:48:37.759000,0fbe8548-b527-452c-bda9-709318d404af,1,2024-03-13T10:13:39.635595,174158244453900753b24ce450
249,sep,march,Thursday,24,San Francisco,14-Mar-15,108.28,10000,Doe,Low,WARNING,2024-03-14T06:53:37.759000,9593ce73-21b3-43ea-9374-131bc4baeaef,1,2024-03-13T10:13:39.635645,174158244453900752b24ce450
254,feb,august,Tuesday,26,Portland,01-Jul-12,350.25,3500,Bond,Low,WARNING,2024-03-14T07:18:37.760000,cef40dab-6845-4614-87b2-862dd7cbb43a,1,2024-03-13T10:13:39.635958,174158244453900751b24ce450
251,nov,may,Saturday,26,Portland,07-Feb-14,350.25,3500,John,Critical,CRITICAL,2024-03-14T07:03:37.759000,d5c268f0-179c-4598-9a3f-7f5a96df5d9a,1,2024-03-13T10:13:39.635775,174158244453900750b24ce450
252,dec,june,Sunday,24,Portland,29-Sep-23,108.28,10000,Bond,High,MAJOR,2024-03-14T07:08:37.760000,ad2ca71c-8498-4117-a0df-4b80e7abd5a7,1,2024-03-13T10:13:39.635855,174158244453900749b24ce450
253,jan,july,Monday,25,San Francisco,22-Jun-17,250.75,2500,James,Moderate,MINOR,2024-03-14T07:13:37.760000,9f81b05f-a881-424b-aac1-3d80930ad0a8,1,2024-03-13T10:13:39.635910,174158244453900748b24ce450
218,feb,january,Monday,24,San Francisco,01-Jul-12,108.28,10000,Dumpty,Moderate,MINOR,2024-03-14T04:18:37.750000,73c6dc4f-33b9-4116-a23c-76e7be059d1d,1,2024-03-13T10:13:39.634000,174158244453900784b24ce450
222,jun,may,Friday,25,Portland,01-Jul-12,250.75,2500,James,High,MAJOR,2024-03-14T04:38:37.751000,c5b84711-8401-4961-b561-daf60bb6eac7,1,2024-03-13T10:13:39.634196,174158244453900783b24ce450
219,mar,february,Tuesday,25,San Francisco,07-Feb-14,250.75,2500,Humpty,Low,WARNING,2024-03-14T04:23:37.751000,4d8a292d-36a8-4efb-a035-2b8a1220875e,1,2024-03-13T10:13:39.634050,174158244453900782b24ce450
220,apr,march,Wednesday,24,Hyderabad,29-Sep-23,108.28,10000,James,Planning,INFORMATION,2024-03-14T04:28:37.751000,c24c0747-65f1-4405-a1a1-8dab22164231,1,2024-03-13T10:13:39.634098,174158244453900781b24ce450
221,may,april,Thursday,24,Portland,22-Jun-17,108.28,10000,Doe,Critical,CRITICAL,2024-03-14T04:33:37.751000,27e4302e-6ca9-4170-8939-54424f202896,1,2024-03-13T10:13:39.634148,174158244453900780b24ce450
226,oct,october,Tuesday,25,Portland,01-Jul-12,250.75,2500,Doe,Critical,CRITICAL,2024-03-14T04:58:37.752000,6f74b220-eff2-424c-8d27-ee926709a602,1,2024-03-13T10:13:39.634421,174158244453900779b24ce450
223,jul,june,Saturday,26,Hyderabad,07-Feb-14,350.25,3500,Humpty,Moderate,MINOR,2024-03-14T04:43:37.752000,89ebf84e-a493-4405-88eb-177739a9ee80,1,2024-03-13T10:13:39.634245,174158244453900778b24ce450
224,aug,july,Sunday,24,Portland,29-Sep-23,108.28,10000,Bond,Low,WARNING,2024-03-14T04:48:37.752000,7769667f-dd8a-442a-920d-cf9cd84420be,1,2024-03-13T10:13:39.634304,174158244453900777b24ce450
225,sep,september,Monday,24,Austin,22-Jun-17,108.28,10000,Bond,Planning,INFORMATION,2024-03-14T04:53:37.752000,c466977e-d0a4-4ce6-8df7-a0a229ad697a,1,2024-03-13T10:13:39.634354,174158244453900776b24ce450
230,feb,february,Saturday,24,San Francisco,19-Apr-19,108.28,10000,Bond,Planning,INFORMATION,2024-03-14T05:18:37.754000,7093e2cf-84ec-4721-90d7-cf67160e3a73,1,2024-03-13T10:13:39.634630,174158244453900775b24ce450
227,nov,november,Wednesday,25,Hyderabad,07-Feb-14,250.75,2500,John,High,MAJOR,2024-03-14T05:03:37.753000,6cfab42e-eeec-465f-8ff8-e4991cb21167,1,2024-03-13T10:13:39.634476,174158244453900774b24ce450
228,dec,december,Thursday,24,Portland,29-Sep-23,108.28,10000,Doe,Moderate,MINOR,2024-03-14T05:08:37.753000,5fb53ca7-7f2e-43e3-96e1-0eed0a9195ff,1,2024-03-13T10:13:39.634531,174158244453900773b24ce450
229,jan,january,Friday,24,Austin,05-Jan-13,108.28,10000,James,Low,WARNING,2024-03-14T05:13:37.753000,be92f3a9-d1ba-4db8-802d-e8b48154630c,1,2024-03-13T10:13:39.634581,174158244453900772b24ce450
234,jun,march,Wednesday,25,Austin,29-Sep-23,250.75,2500,Doe,Low,WARNING,2024-03-14T05:38:37.755000,d0fb9831-a76c-460e-a2be-e9807183c50a,1,2024-03-13T10:13:39.634838,174158244453900771b24ce450
231,mar,march,Sunday,24,Portland,14-Mar-15,108.28,10000,James,Critical,CRITICAL,2024-03-14T05:23:37.754000,6eb15033-d9e0-431a-b1ec-25c870fe8da5,1,2024-03-13T10:13:39.634684,174158244453900770b24ce450
232,apr,january,Monday,24,Portland,29-Sep-22,108.28,10000,Bond,High,MAJOR,2024-03-14T05:28:37.754000,bbd91e37-261e-4556-a994-d4804b3ace27,1,2024-03-13T10:13:39.634735,174158244453900769b24ce450
233,may,february,Tuesday,24,Portland,07-Feb-14,108.28,10000,James,Moderate,MINOR,2024-03-14T05:33:37.754000,12d5b831-646b-4e8c-8d08-402cfbe59c8c,1,2024-03-13T10:13:39.634785,174158244453900768b24ce450
235,jul,april,Thursday,26,Hyderabad,22-Jun-17,350.25,3500,Humpty,Planning,INFORMATION,2024-03-14T05:43:37.755000,a3e04855-fd03-45e2-9fed-9da27b918f26,1,2024-03-13T10:13:39.634889,174158244453900767b24ce450
236,aug,may,Friday,26,Austin,01-Jul-12,350.25,3500,James,Critical,CRITICAL,2024-03-14T05:48:37.755000,c7391379-f38c-4b70-aed2-3ca22ba66a4a,1,2024-03-13T10:13:39.634940,174158244453900766b24ce450
237,sep,june,Saturday,24,San Francisco,20-May-19,108.28,10000,Doe,High,MAJOR,2024-03-14T05:53:37.756000,4aa76e50-f4e5-40f2-9481-344d24be457e,1,2024-03-13T10:13:39.634990,174158244453900765b24ce450
202,oct,december,Saturday,24,Hyderabad,05-Jan-13,108.28,10000,Bond,High,MAJOR,2024-03-14T02:58:37.745000,8b345ff0-a727-4999-afdc-f7e8c500096c,1,2024-03-13T10:13:39.633153,174158244453900802b24ce450
200,aug,october,Thursday,25,Portland,04-Nov-16,250.75,2500,Bond,Planning,INFORMATION,2024-03-14T02:48:37.745000,0d012484-5a42-4816-b7b9-58075c5296a8,1,2024-03-13T10:13:39.633026,174158244453900801b24ce450
201,sep,november,Friday,24,Hyderabad,25-Dec-23,108.28,10000,Doe,Critical,CRITICAL,2024-03-14T02:53:37.745000,eb0a3372-55d7-401e-a20a-7112091928b6,1,2024-03-13T10:13:39.633098,174158244453900800b24ce450
206,feb,january,Wednesday,24,Austin,07-Feb-14,108.28,10000,Humpty,Critical,CRITICAL,2024-03-14T03:18:37.747000,65131fda-ce99-424f-a176-237b13b480de,1,2024-03-13T10:13:39.633374,174158244453900799b24ce450
203,nov,january,Sunday,24,Portland,19-Apr-19,108.28,10000,Doe,Moderate,MINOR,2024-03-14T03:03:37.746000,9231f184-2bbc-4c5a-be75-24de61aaa066,1,2024-03-13T10:13:39.633205,174158244453900798b24ce450
204,dec,february,Monday,26,Hyderabad,14-Mar-15,350.25,3500,Dumpty,Low,WARNING,2024-03-14T03:08:37.746000,2ad9f2c8-ec6b-46e9-97f6-2bc78a838986,1,2024-03-13T10:13:39.633269,174158244453900797b24ce450
205,jan,march,Tuesday,24,Hyderabad,29-Sep-22,108.28,10000,Bond,Planning,INFORMATION,2024-03-14T03:13:37.746000,62523fc8-5619-4089-a457-d2788c6b8f2c,1,2024-03-13T10:13:39.633324,174158244453900796b24ce450
210,jun,may,Sunday,24,Portland,29-Sep-22,108.28,10000,John,Planning,INFORMATION,2024-03-14T03:38:37.748000,e72c8726-f85d-4be2-9fe5-0991e478bc5a,1,2024-03-13T10:13:39.633569,174158244453900795b24ce450
207,mar,february,Thursday,24,Austin,29-Sep-23,108.28,10000,Doe,High,MAJOR,2024-03-14T03:23:37.747000,ee98837d-f3af-40ba-a57b-a48149b4ab6b,1,2024-03-13T10:13:39.633422,174158244453900794b24ce450
208,apr,march,Friday,25,Portland,22-Jun-17,250.75,2500,John,Moderate,MINOR,2024-03-14T03:28:37.747000,26eb39d7-5b65-4cd3-b550-7cda1ccae98a,1,2024-03-13T10:13:39.633471,174158244453900793b24ce450
209,may,april,Saturday,26,Austin,14-Mar-15,350.25,3500,Dumpty,Low,WARNING,2024-03-14T03:33:37.747000,8be1429d-4c75-4215-95b3-238a3f912dd0,1,2024-03-13T10:13:39.633520,174158244453900792b24ce450
214,oct,september,Thursday,26,Portland,01-Jul-12,350.25,3500,Humpty,Low,WARNING,2024-03-14T03:58:37.749000,361d73b8-e8e9-426a-9f11-38697c5ff101,1,2024-03-13T10:13:39.633773,174158244453900791b24ce450
211,jul,june,Monday,26,Austin,07-Feb-14,350.25,3500,Dumpty,Critical,CRITICAL,2024-03-14T03:43:37.748000,2d3b4bc3-8553-46e8-95c4-e88c914f8d71,1,2024-03-13T10:13:39.633617,174158244453900790b24ce450
212,aug,july,Tuesday,24,Austin,29-Sep-23,108.28,10000,James,High,MAJOR,2024-03-14T03:48:37.748000,d3212b8b-851a-446e-bfa0-5c0500aafabe,1,2024-03-13T10:13:39.633672,174158244453900789b24ce450
213,sep,august,Wednesday,26,Hyderabad,22-Jun-17,350.25,3500,Bond,Moderate,MINOR,2024-03-14T03:53:37.749000,f0864d21-0881-4dec-a187-c5e5539102d2,1,2024-03-13T10:13:39.633723,174158244453900788b24ce450
215,nov,october,Friday,24,San Francisco,07-Feb-14,108.28,10000,Humpty,Planning,INFORMATION,2024-03-14T04:03:37.749000,56acf2c7-2379-480f-8749-7b5461b8d65b,1,2024-03-13T10:13:39.633840,174158244453900787b24ce450
216,dec,november,Saturday,24,San Francisco,29-Sep-23,108.28,10000,Dumpty,Critical,CRITICAL,2024-03-14T04:08:37.750000,8b7237dc-3aad-43c8-a4a2-2200834a2f70,1,2024-03-13T10:13:39.633903,174158244453900786b24ce450
217,jan,december,Sunday,26,Hyderabad,22-Jun-17,350.25,3500,Humpty,High,MAJOR,2024-03-14T04:13:37.750000,028d36f1-a5ae-48c6-9e72-60e04ee597e9,1,2024-03-13T10:13:39.633952,174158244453900785b24ce450
186,jun,august,Thursday,26,San Francisco,14-Mar-15,350.25,3500,John,Critical,CRITICAL,2024-03-14T01:38:37.741000,8e734681-dffb-4954-a82a-5895a258afc4,1,2024-03-13T10:13:39.632141,174158244453900817b24ce450
185,may,july,Wednesday,25,Portland,19-Apr-19,250.75,2500,Humpty,Planning,INFORMATION,2024-03-14T01:33:37.741000,bfbf5997-852b-4a65-8250-60e3b9e4561a,1,2024-03-13T10:13:39.632066,174158244453900816b24ce450
190,oct,december,Monday,24,San Francisco,22-Jun-17,108.28,10000,John,Planning,INFORMATION,2024-03-14T01:58:37.742000,1ec985f4-a72a-4bd2-a46a-5471cf14d44a,1,2024-03-13T10:13:39.632343,174158244453900815b24ce450
187,jul,september,Friday,24,San Francisco,29-Sep-22,108.28,10000,Dumpty,High,MAJOR,2024-03-14T01:43:37.741000,256650fd-2fca-4071-9a45-8c1b6df7bec5,1,2024-03-13T10:13:39.632197,174158244453900814b24ce450
188,aug,october,Saturday,25,Austin,07-Feb-14,250.75,2500,Dumpty,Moderate,MINOR,2024-03-14T01:48:37.742000,2c38340f-fefa-4359-8369-1d1a31702a67,1,2024-03-13T10:13:39.632246,174158244453900813b24ce450
189,sep,november,Sunday,26,Portland,29-Sep-23,350.25,3500,Dumpty,Low,WARNING,2024-03-14T01:53:37.742000,f80b901f-a2f7-4c03-9765-8a6469cfd1a6,1,2024-03-13T10:13:39.632295,174158244453900812b24ce450
194,feb,april,Friday,24,Hyderabad,29-Sep-23,108.28,10000,Bond,Low,WARNING,2024-03-14T02:18:37.743000,8961cd85-0dfc-4560-b3cf-5ba56270b7b1,1,2024-03-13T10:13:39.632608,174158244453900811b24ce450
191,nov,january,Tuesday,24,San Francisco,14-Mar-15,108.28,10000,Doe,Critical,CRITICAL,2024-03-14T02:03:37.742000,df815eba-2290-4232-8c9b-812c77169984,1,2024-03-13T10:13:39.632392,174158244453900810b24ce450
192,dec,february,Wednesday,24,Austin,29-Sep-22,108.28,10000,James,High,MAJOR,2024-03-14T02:08:37.743000,9c8d38ab-ec0c-40bb-93a5-f8507e199202,1,2024-03-13T10:13:39.632461,174158244453900809b24ce450
193,jan,march,Thursday,24,San Francisco,07-Feb-14,108.28,10000,Doe,Moderate,MINOR,2024-03-14T02:13:37.743000,893207cf-27c0-41d3-9463-9d07534998a7,1,2024-03-13T10:13:39.632517,174158244453900808b24ce450
198,jun,august,Tuesday,25,Portland,27-Aug-09,250.75,2500,Doe,Moderate,MINOR,2024-03-14T02:38:37.744000,522b4da1-a77b-4867-b3e6-76ddc693ba3c,1,2024-03-13T10:13:39.632906,174158244453900807b24ce450
195,mar,may,Saturday,24,San Francisco,22-Jun-17,108.28,10000,Doe,Planning,INFORMATION,2024-03-14T02:23:37.744000,fa75c863-09b7-40e7-8f8e-cda89568dc27,1,2024-03-13T10:13:39.632711,174158244453900806b24ce450
196,apr,june,Sunday,26,Austin,01-Jul-12,350.25,3500,Humpty,Critical,CRITICAL,2024-03-14T02:28:37.744000,4558148c-4cda-4394-8b5c-6f54b8695ee7,1,2024-03-13T10:13:39.632793,174158244453900805b24ce450
197,may,july,Monday,25,San Francisco,20-May-19,250.75,2500,Doe,High,MAJOR,2024-03-14T02:33:37.744000,47883c70-9419-4652-9769-4b080621b333,1,2024-03-13T10:13:39.632843,174158244453900804b24ce450
199,jul,september,Wednesday,26,Portland,12-Oct-98,350.25,3500,Humpty,Low,WARNING,2024-03-14T02:43:37.745000,5c47316f-250b-4229-8e84-d6feca185c4f,1,2024-03-13T10:13:39.632960,174158244453900803b24ce450
170,feb,january,Tuesday,24,San Francisco,07-Feb-14,108.28,10000,James,Planning,INFORMATION,2024-03-14T00:18:37.737000,eaa0b481-e454-4a0e-993b-2fcbc1f51a27,1,2024-03-13T10:13:39.631044,174158244453900832b24ce450
174,jun,may,Saturday,24,Austin,29-Sep-22,108.28,10000,Bond,Low,WARNING,2024-03-14T00:38:37.738000,9bdd8552-f3f9-4251-8cf5-20e691b3d149,1,2024-03-13T10:13:39.631296,174158244453900831b24ce450
171,mar,february,Wednesday,25,San Francisco,05-Jan-13,250.75,2500,Humpty,Critical,CRITICAL,2024-03-14T00:23:37.737000,0062754d-9394-4f00-897d-5e80ddcdbb7a,1,2024-03-13T10:13:39.631116,174158244453900830b24ce450
172,apr,march,Thursday,26,Portland,19-Apr-19,350.25,3500,Bond,High,MAJOR,2024-03-14T00:28:37.737000,ecf9f90d-4444-4ba7-ae78-08c7137ae8b2,1,2024-03-13T10:13:39.631177,174158244453900829b24ce450
173,may,april,Friday,25,Austin,14-Mar-15,250.75,2500,James,Moderate,MINOR,2024-03-14T00:33:37.737000,9824ce4f-192d-419f-bf83-59e9a875edaa,1,2024-03-13T10:13:39.631227,174158244453900828b24ce450
178,oct,october,Wednesday,24,Hyderabad,01-Jul-12,108.28,10000,Dumpty,Moderate,MINOR,2024-03-14T00:58:37.739000,2bdb8858-51cb-468e-a02b-051c0c0cc2a6,1,2024-03-13T10:13:39.631555,174158244453900827b24ce450
175,jul,june,Sunday,24,Portland,07-Feb-14,108.28,10000,Dumpty,Planning,INFORMATION,2024-03-14T00:43:37.738000,f605aad9-2013-4677-a225-22956b291b88,1,2024-03-13T10:13:39.631359,174158244453900826b24ce450
176,aug,july,Monday,24,San Francisco,29-Sep-23,108.28,10000,John,Critical,CRITICAL,2024-03-14T00:48:37.738000,f6af2bc5-0aeb-4c81-aa02-e495da5e15c3,1,2024-03-13T10:13:39.631428,174158244453900825b24ce450
177,sep,september,Tuesday,26,Hyderabad,22-Jun-17,350.25,3500,Dumpty,High,MAJOR,2024-03-14T00:53:37.739000,0fa68472-f483-4335-b6f7-cc486ec6b4b9,1,2024-03-13T10:13:39.631485,174158244453900824b24ce450
182,feb,april,Sunday,24,San Francisco,04-Nov-16,108.28,10000,Doe,High,MAJOR,2024-03-14T01:18:37.740000,cff96ec5-a2f1-46e3-93b9-ddb65860fda4,1,2024-03-13T10:13:39.631843,174158244453900823b24ce450
179,nov,january,Thursday,24,Austin,20-May-19,108.28,10000,Bond,Low,WARNING,2024-03-14T01:03:37.739000,fed95aa6-242f-4eb7-ab05-b58466d25e1f,1,2024-03-13T10:13:39.631640,174158244453900822b24ce450
180,dec,february,Friday,25,Austin,27-Aug-09,250.75,2500,Bond,Planning,INFORMATION,2024-03-14T01:08:37.739000,04a4cedf-8c67-4159-ad74-7df30291c795,1,2024-03-13T10:13:39.631703,174158244453900821b24ce450
181,jan,march,Saturday,26,San Francisco,12-Oct-98,350.25,3500,Doe,Critical,CRITICAL,2024-03-14T01:13:37.740000,92a3c13f-0274-4df4-a41a-1ee226691aa4,1,2024-03-13T10:13:39.631753,174158244453900820b24ce450
183,mar,may,Monday,26,Austin,25-Dec-23,350.25,3500,Doe,Moderate,MINOR,2024-03-14T01:23:37.740000,d713fd50-d163-4007-9e27-db87014a2f5a,1,2024-03-13T10:13:39.631918,174158244453900819b24ce450
184,apr,june,Tuesday,26,Portland,05-Jan-13,350.25,3500,Doe,Low,WARNING,2024-03-14T01:28:37.741000,ada0be88-4283-4bd7-99d3-544daf949533,1,2024-03-13T10:13:39.631994,174158244453900818b24ce450
158,feb,january,Thursday,26,Austin,29-Sep-23,350.25,3500,James,Moderate,MINOR,2024-03-13T23:18:37.733000,96c84799-7e70-47a9-84d5-f6ddaaecbf28,1,2024-03-13T10:13:39.630103,174158244454000845b24ce450
157,jan,march,Wednesday,25,San Francisco,07-Feb-14,250.75,2500,Humpty,High,MAJOR,2024-03-13T23:13:37.733000,24ea82a1-0aaa-47c5-a1b6-25173011e423,1,2024-03-13T10:13:39.630019,174158244453900844b24ce450
162,jun,may,Monday,26,Austin,27-Aug-09,350.25,3500,Dumpty,High,MAJOR,2024-03-13T23:38:37.735000,7e4808f0-e872-4b02-ad54-f5429072d65d,1,2024-03-13T10:13:39.630466,174158244453900843b24ce450
159,mar,february,Friday,26,San Francisco,22-Jun-17,350.25,3500,Doe,Low,WARNING,2024-03-13T23:23:37.734000,d62b2a77-609b-446f-b7d4-48fc01b0fa91,1,2024-03-13T10:13:39.630211,174158244453900842b24ce450
160,apr,march,Saturday,25,Portland,01-Jul-12,250.75,2500,James,Planning,INFORMATION,2024-03-13T23:28:37.734000,2d9c4632-fe56-479a-8f86-2586cdfe7520,1,2024-03-13T10:13:39.630288,174158244453900841b24ce450
161,may,april,Sunday,24,Hyderabad,20-May-19,108.28,10000,John,Critical,CRITICAL,2024-03-13T23:33:37.734000,5b7c39b9-d3f8-42e6-8779-f06173a11834,1,2024-03-13T10:13:39.630375,174158244453900840b24ce450
166,oct,september,Friday,26,Austin,05-Jan-13,350.25,3500,Humpty,Critical,CRITICAL,2024-03-13T23:58:37.736000,37215500-31f0-43aa-b5e3-606c741e8fd0,1,2024-03-13T10:13:39.630805,174158244453900839b24ce450
163,jul,june,Tuesday,25,Austin,12-Oct-98,250.75,2500,James,Moderate,MINOR,2024-03-13T23:43:37.735000,b29dde92-aa11-4ca4-95a1-caf41c90dc20,1,2024-03-13T10:13:39.630519,174158244453900838b24ce450
164,aug,july,Wednesday,26,San Francisco,04-Nov-16,350.25,3500,Dumpty,Low,WARNING,2024-03-13T23:48:37.735000,7236f5d5-2c69-47ee-8fce-1d72ca315632,1,2024-03-13T10:13:39.630590,174158244453900837b24ce450
165,sep,august,Thursday,26,Portland,25-Dec-23,350.25,3500,Humpty,Planning,INFORMATION,2024-03-13T23:53:37.735000,73ed85af-79dd-49a1-8e97-3a23347f2199,1,2024-03-13T10:13:39.630677,174158244453900836b24ce450
167,nov,october,Saturday,25,San Francisco,19-Apr-19,250.75,2500,Doe,High,MAJOR,2024-03-14T00:03:37.736000,9ce4bdc8-2474-4810-9a1e-ee782acfbe41,1,2024-03-13T10:13:39.630872,174158244453900835b24ce450
168,dec,november,Sunday,24,San Francisco,14-Mar-15,108.28,10000,Bond,Moderate,MINOR,2024-03-14T00:08:37.736000,917ae8fa-a62f-4034-8269-360307586443,1,2024-03-13T10:13:39.630924,174158244453900834b24ce450
169,jan,december,Monday,26,Hyderabad,29-Sep-22,350.25,3500,Humpty,Low,WARNING,2024-03-14T00:13:37.736000,3990a01a-079e-4d57-828b-b6a4855020a7,1,2024-03-13T10:13:39.630973,174158244453900833b24ce450
150,jun,august,Wednesday,25,Portland,01-Jul-12,250.75,2500,Dumpty,Planning,INFORMATION,2024-03-13T22:38:37.731000,3b5716d4-7980-4bb5-9323-afd3b524b3f2,1,2024-03-13T10:13:39.629374,174158244454000854b24ce450
148,apr,june,Monday,25,Hyderabad,29-Sep-23,250.75,2500,John,Moderate,MINOR,2024-03-13T22:28:37.731000,948e45c5-dd54-4ca7-84d3-90875ded069a,1,2024-03-13T10:13:39.629121,174158244454000853b24ce450
149,may,july,Tuesday,24,Portland,22-Jun-17,108.28,10000,Doe,Low,WARNING,2024-03-13T22:33:37.731000,33d18728-0091-41ba-8162-bd1696fb70b1,1,2024-03-13T10:13:39.629216,174158244454000852b24ce450
154,oct,december,Sunday,25,Portland,19-Apr-19,250.75,2500,Doe,Low,WARNING,2024-03-13T22:58:37.732000,81e4cd55-b02d-4e54-a3d9-6f637c02cc40,1,2024-03-13T10:13:39.629794,174158244454000851b24ce450
151,jul,september,Thursday,26,San Francisco,07-Feb-14,350.25,3500,Dumpty,Critical,CRITICAL,2024-03-13T22:43:37.732000,a9918975-ab62-400a-a8eb-af6a21592f02,1,2024-03-13T10:13:39.629486,174158244454000850b24ce450
152,aug,october,Friday,25,San Francisco,29-Sep-23,250.75,2500,James,High,MAJOR,2024-03-13T22:48:37.732000,cf917ba5-0676-44cb-8518-1a08883fe5f1,1,2024-03-13T10:13:39.629592,174158244454000849b24ce450
153,sep,november,Saturday,26,San Francisco,05-Jan-13,350.25,3500,Humpty,Moderate,MINOR,2024-03-13T22:53:37.732000,93a10b17-6f85-42bb-bd25-2bb530d59ea3,1,2024-03-13T10:13:39.629692,174158244454000848b24ce450
155,nov,january,Monday,26,Portland,14-Mar-15,350.25,3500,Doe,Planning,INFORMATION,2024-03-13T23:03:37.733000,eb0fa298-6a31-4814-aecf-d6f3434888ce,1,2024-03-13T10:13:39.629885,174158244454000847b24ce450
156,dec,february,Tuesday,26,Portland,29-Sep-22,350.25,3500,John,Critical,CRITICAL,2024-03-13T23:08:37.733000,5d3bfff2-4f32-4959-80e3-5dfac9c31253,1,2024-03-13T10:13:39.629964,174158244454000846b24ce450
134,feb,june,Monday,25,Hyderabad,29-Sep-22,250.75,2500,John,Low,WARNING,2024-03-13T21:18:37.726000,aec214af-2dab-4a2f-8e82-c4fdcea00469,1,2024-03-13T10:13:39.628174,174158244454000871b24ce450
131,nov,march,Friday,24,Hyderabad,29-Sep-23,108.28,10000,Dumpty,Critical,CRITICAL,2024-03-13T21:03:37.725000,e356c252-3db6-4b58-9f27-f175cd0bb010,1,2024-03-13T10:13:39.628028,174158244454000870b24ce450
132,dec,april,Saturday,24,Hyderabad,22-Jun-17,108.28,10000,James,High,MAJOR,2024-03-13T21:08:37.726000,c436a462-f7cd-4935-9f49-d0c867df9076,1,2024-03-13T10:13:39.628076,174158244454000869b24ce450
133,jan,may,Sunday,25,Hyderabad,14-Mar-15,250.75,2500,John,Moderate,MINOR,2024-03-13T21:13:37.726000,e9ba70a5-9f3f-4bf4-b88f-e17338fb5c4f,1,2024-03-13T10:13:39.628125,174158244454000868b24ce450
138,jun,november,Friday,26,Hyderabad,01-Jul-12,350.25,3500,Bond,Moderate,MINOR,2024-03-13T21:38:37.727000,feec827f-9e31-4cd9-a166-f7dacf0ab269,1,2024-03-13T10:13:39.628369,174158244454000867b24ce450
135,mar,july,Tuesday,24,Portland,07-Feb-14,108.28,10000,John,Planning,INFORMATION,2024-03-13T21:23:37.726000,aa2e0a47-9398-4be8-8d4a-e94106bbb085,1,2024-03-13T10:13:39.628222,174158244454000866b24ce450
136,apr,september,Wednesday,26,Portland,29-Sep-23,350.25,3500,Humpty,Critical,CRITICAL,2024-03-13T21:28:37.727000,3e7ff33f-8e3c-41b0-9d4c-c71461bd9bbc,1,2024-03-13T10:13:39.628272,174158244454000865b24ce450
137,may,october,Thursday,25,Portland,22-Jun-17,250.75,2500,Doe,High,MAJOR,2024-03-13T21:33:37.727000,c9346454-1fdc-4e73-bfcc-fa14aba9e022,1,2024-03-13T10:13:39.628321,174158244454000864b24ce450
142,oct,march,Tuesday,25,Portland,01-Jul-12,250.75,2500,Dumpty,High,MAJOR,2024-03-13T21:58:37.728000,7bcb2fcb-c1aa-420c-ac3d-1437dd0456d6,1,2024-03-13T10:13:39.628661,174158244454000863b24ce450
139,jul,december,Saturday,26,San Francisco,07-Feb-14,350.25,3500,James,Low,WARNING,2024-03-13T21:43:37.727000,eab38a46-6b5c-4013-bb8d-e2aab9ebe0a7,1,2024-03-13T10:13:39.628433,174158244454000862b24ce450
140,aug,january,Sunday,26,Portland,29-Sep-23,350.25,3500,Humpty,Planning,INFORMATION,2024-03-13T21:48:37.728000,680003aa-cc89-4e92-8e18-e956d12b27a3,1,2024-03-13T10:13:39.628535,174158244454000861b24ce450
141,sep,february,Monday,24,Austin,22-Jun-17,108.28,10000,Doe,Critical,CRITICAL,2024-03-13T21:53:37.728000,137448ac-bf30-4853-8c8f-874e1ce79422,1,2024-03-13T10:13:39.628607,174158244454000860b24ce450
146,feb,april,Saturday,26,Austin,01-Jul-12,350.25,3500,Humpty,Critical,CRITICAL,2024-03-13T22:18:37.729000,163d0c1f-b4c3-4184-b084-1bcbf37dd63e,1,2024-03-13T10:13:39.628910,174158244454000859b24ce450
143,nov,january,Wednesday,26,San Francisco,07-Feb-14,350.25,3500,Dumpty,Moderate,MINOR,2024-03-13T22:03:37.729000,3275ba27-663a-4a80-9fef-b04f8ded02bb,1,2024-03-13T10:13:39.628711,174158244454000858b24ce450
144,dec,february,Thursday,24,Hyderabad,29-Sep-23,108.28,10000,Humpty,Low,WARNING,2024-03-13T22:08:37.729000,55f85881-bdbd-46ca-9597-e1adc9dc4019,1,2024-03-13T10:13:39.628807,174158244454000857b24ce450
145,jan,march,Friday,25,San Francisco,22-Jun-17,250.75,2500,Doe,Planning,INFORMATION,2024-03-13T22:13:37.729000,8b0a1a6d-3cce-4b37-b05b-17be3d190cf5,1,2024-03-13T10:13:39.628861,174158244454000856b24ce450
147,mar,may,Sunday,26,Hyderabad,07-Feb-14,350.25,3500,Humpty,High,MAJOR,2024-03-13T22:23:37.730000,f3fed7ee-cbfd-41dc-bd2a-e28624c152bd,1,2024-03-13T10:13:39.628959,174158244454000855b24ce450
114,jun,january,Tuesday,25,San Francisco,22-Jun-17,250.75,2500,Dumpty,Low,WARNING,2024-03-13T19:38:37.719000,968508ea-012a-491b-a269-6a983bb46bf5,1,2024-03-13T10:13:39.627143,174158244454000889b24ce450
113,may,december,Monday,25,Hyderabad,29-Sep-23,250.75,2500,Doe,Moderate,MINOR,2024-03-13T19:33:37.718000,1d33a699-d081-4f4f-a5da-15333fa8b4af,1,2024-03-13T10:13:39.627060,174158244454000888b24ce450
118,oct,february,Saturday,24,Austin,29-Sep-23,108.28,10000,Doe,Moderate,MINOR,2024-03-13T19:58:37.720000,4199f3d3-0635-4259-a17d-714f1c593b19,1,2024-03-13T10:13:39.627345,174158244454000887b24ce450
115,jul,february,Wednesday,24,Portland,14-Mar-15,108.28,10000,James,Planning,INFORMATION,2024-03-13T19:43:37.719000,fe381aad-fac4-4319-9166-13d60b269d58,1,2024-03-13T10:13:39.627198,174158244454000886b24ce450
116,aug,march,Thursday,24,Austin,29-Sep-22,108.28,10000,John,Critical,CRITICAL,2024-03-13T19:48:37.720000,a2fcf3bf-b4bd-4829-8ce0-e6f67ff81b61,1,2024-03-13T10:13:39.627248,174158244454000885b24ce450
117,sep,january,Friday,24,San Francisco,07-Feb-14,108.28,10000,Bond,High,MAJOR,2024-03-13T19:53:37.720000,4171ea32-900d-43c7-8b47-4331a99f3071,1,2024-03-13T10:13:39.627296,174158244454000884b24ce450
122,feb,june,Wednesday,25,Portland,27-Aug-09,250.75,2500,Doe,High,MAJOR,2024-03-13T20:18:37.722000,9674f539-84ea-48cb-9ea7-45e006c382ea,1,2024-03-13T10:13:39.627540,174158244454000883b24ce450
119,nov,march,Sunday,26,Austin,22-Jun-17,350.25,3500,James,Low,WARNING,2024-03-13T20:03:37.721000,c0b901ba-e10f-477d-a503-8eb85c4f64dd,1,2024-03-13T10:13:39.627394,174158244454000882b24ce450
120,dec,april,Monday,24,San Francisco,01-Jul-12,108.28,10000,John,Planning,INFORMATION,2024-03-13T20:08:37.721000,4ab1e285-c836-40c4-8f6d-479c2f17da40,1,2024-03-13T10:13:39.627442,174158244454000881b24ce450
121,jan,may,Tuesday,24,Austin,20-May-19,108.28,10000,Dumpty,Critical,CRITICAL,2024-03-13T20:13:37.722000,8a01c6a8-196a-4e06-a236-80cfb78f156f,1,2024-03-13T10:13:39.627492,174158244454000880b24ce450
126,jun,october,Sunday,24,San Francisco,05-Jan-13,108.28,10000,James,Critical,CRITICAL,2024-03-13T20:38:37.724000,47b6c044-937d-41fe-9aa7-d05bae2aad98,1,2024-03-13T10:13:39.627735,174158244454000879b24ce450
123,mar,july,Thursday,24,Portland,12-Oct-98,108.28,10000,Doe,Moderate,MINOR,2024-03-13T20:23:37.723000,16b88834-791a-4df0-ae21-519a7777e422,1,2024-03-13T10:13:39.627588,174158244454000878b24ce450
124,apr,august,Friday,24,Austin,04-Nov-16,108.28,10000,Bond,Low,WARNING,2024-03-13T20:28:37.723000,8ce78241-85fd-473f-b167-6ba1801f7bac,1,2024-03-13T10:13:39.627638,174158244454000877b24ce450
125,may,september,Saturday,25,San Francisco,25-Dec-23,250.75,2500,Dumpty,Planning,INFORMATION,2024-03-13T20:33:37.724000,018b7fbd-4f44-4c02-bab0-4df11e9bd938,1,2024-03-13T10:13:39.627687,174158244454000876b24ce450
130,oct,february,Thursday,26,Hyderabad,07-Feb-14,350.25,3500,Doe,Planning,INFORMATION,2024-03-13T20:58:37.725000,18aae12a-55dc-4ae4-aea8-b0423639c58a,1,2024-03-13T10:13:39.627979,174158244454000875b24ce450
127,jul,november,Monday,24,Portland,19-Apr-19,108.28,10000,James,High,MAJOR,2024-03-13T20:43:37.724000,5d0a1800-dd0f-4d71-a5d3-b64fd1358c18,1,2024-03-13T10:13:39.627797,174158244454000874b24ce450
128,aug,december,Tuesday,26,Portland,14-Mar-15,350.25,3500,Humpty,Moderate,MINOR,2024-03-13T20:48:37.725000,bd1aab16-a975-45ba-abca-632220dd7e05,1,2024-03-13T10:13:39.627873,174158244454000873b24ce450
129,sep,january,Wednesday,26,San Francisco,29-Sep-22,350.25,3500,Humpty,Low,WARNING,2024-03-13T20:53:37.725000,fc64d7f6-f73c-41e0-ba90-726321a81407,1,2024-03-13T10:13:39.627928,174158244454000872b24ce450
102,jun,january,Thursday,25,Austin,01-Jul-12,250.75,2500,Humpty,High,MAJOR,2024-03-13T18:38:37.716000,d0b710d5-687c-456e-8d32-36c0e4624d71,1,2024-03-13T10:13:39.626397,174158244454000907b24ce450
99,mar,october,Monday,24,Hyderabad,07-Feb-14,108.28,10000,Bond,Low,WARNING,2024-03-13T18:23:37.715000,d616f520-ef92-44f4-a9f9-e50e3adead39,1,2024-03-13T10:13:39.626250,174158244454000906b24ce450
100,apr,november,Tuesday,25,Austin,29-Sep-23,250.75,2500,Bond,Planning,INFORMATION,2024-03-13T18:28:37.715000,0742a2ed-a977-4d32-8f43-5ca8b3fb7977,1,2024-03-13T10:13:39.626299,174158244454000905b24ce450
101,may,december,Wednesday,24,Portland,22-Jun-17,108.28,10000,James,Critical,CRITICAL,2024-03-13T18:33:37.715000,137c4b8b-2604-40f7-b1c8-40c0db8053c7,1,2024-03-13T10:13:39.626347,174158244454000904b24ce450
98,feb,september,Sunday,24,San Francisco,29-Sep-22,108.28,10000,Bond,Moderate,MINOR,2024-03-13T18:18:37.714000,801b69c4-3f0b-4243-9b6d-9eeb08715be5,1,2024-03-13T10:13:39.626200,174158244454000903b24ce450
95,nov,june,Thursday,26,Austin,05-Jan-13,350.25,3500,Humpty,Planning,INFORMATION,2024-03-13T18:03:37.714000,d916c330-2354-453a-97d5-f6bbc45bb652,1,2024-03-13T10:13:39.626010,174158244454000902b24ce450
96,dec,july,Friday,25,Austin,19-Apr-19,250.75,2500,Bond,Critical,CRITICAL,2024-03-13T18:08:37.714000,594c1ddf-3edf-4451-a8e9-9cf3330dad3b,1,2024-03-13T10:13:39.626093,174158244454000901b24ce450
97,jan,august,Saturday,26,Hyderabad,14-Mar-15,350.25,3500,Doe,High,MAJOR,2024-03-13T18:13:37.714000,789779fc-02f3-4091-98a6-39a88cdecfed,1,2024-03-13T10:13:39.626150,174158244454000900b24ce450
110,feb,september,Friday,24,San Francisco,14-Mar-15,108.28,10000,John,Planning,INFORMATION,2024-03-13T19:18:37.718000,237a28af-4aaf-4c92-a372-ab7f9ab40c0a,1,2024-03-13T10:13:39.626793,174158244454000899b24ce450
107,nov,june,Tuesday,25,Austin,25-Dec-23,250.75,2500,Humpty,High,MAJOR,2024-03-13T19:03:37.717000,4887a86e-3d3d-4e57-9673-fba64bfb30e6,1,2024-03-13T10:13:39.626642,174158244454000898b24ce450
108,dec,july,Wednesday,25,Hyderabad,05-Jan-13,250.75,2500,Doe,Moderate,MINOR,2024-03-13T19:08:37.717000,34690d8b-3021-4813-a222-5bd8f7282a08,1,2024-03-13T10:13:39.626694,174158244454000897b24ce450
109,jan,august,Thursday,24,Portland,19-Apr-19,108.28,10000,Humpty,Low,WARNING,2024-03-13T19:13:37.717000,675b065c-9b84-47f4-86a3-4c6221833451,1,2024-03-13T10:13:39.626745,174158244454000896b24ce450
111,mar,october,Saturday,25,Hyderabad,29-Sep-22,250.75,2500,Humpty,Critical,CRITICAL,2024-03-13T19:23:37.718000,ce4d029e-277f-4c84-8d16-ff1ed22f7fef,1,2024-03-13T10:13:39.626880,174158244454000895b24ce450
112,apr,november,Sunday,24,Austin,07-Feb-14,108.28,10000,Bond,High,MAJOR,2024-03-13T19:28:37.718000,8ec2fd5c-d026-44b8-ab6f-d8c8ab36df24,1,2024-03-13T10:13:39.626958,174158244454000894b24ce450
106,oct,may,Monday,24,Hyderabad,04-Nov-16,108.28,10000,Doe,Critical,CRITICAL,2024-03-13T18:58:37.717000,54ceb338-8f07-4499-bb89-7a36791218f3,1,2024-03-13T10:13:39.626594,174158244454000893b24ce450
103,jul,february,Friday,24,Hyderabad,20-May-19,108.28,10000,Bond,Moderate,MINOR,2024-03-13T18:43:37.716000,cd3e42d6-db63-4c45-908a-1933bc26f665,1,2024-03-13T10:13:39.626446,174158244454000892b24ce450
104,aug,march,Saturday,25,San Francisco,27-Aug-09,250.75,2500,Doe,Low,WARNING,2024-03-13T18:48:37.716000,2bc4d8f4-b848-4322-9a90-2fe1cbc72337,1,2024-03-13T10:13:39.626494,174158244454000891b24ce450
105,sep,april,Sunday,24,San Francisco,12-Oct-98,108.28,10000,Bond,Planning,INFORMATION,2024-03-13T18:53:37.716000,1ace9774-93cc-4def-a247-96e1b311d59e,1,2024-03-13T10:13:39.626543,174158244454000890b24ce450
78,jun,october,Monday,25,San Francisco,19-Apr-19,250.75,2500,James,Moderate,MINOR,2024-03-13T16:38:37.708000,f095a1ff-13ae-44c2-a86d-3c61f59df9d4,1,2024-03-13T10:13:39.625009,174158244454000924b24ce450
82,oct,february,Friday,25,San Francisco,29-Sep-23,250.75,2500,Bond,High,MAJOR,2024-03-13T16:58:37.710000,b4d58bcc-fb03-46fa-9343-c490450e9d7e,1,2024-03-13T10:13:39.625204,174158244454000923b24ce450
79,jul,november,Tuesday,26,Austin,14-Mar-15,350.25,3500,Humpty,Low,WARNING,2024-03-13T16:43:37.709000,e33330fd-ff13-4a79-9c0f-bbdc0efac3bb,1,2024-03-13T10:13:39.625058,174158244454000922b24ce450
80,aug,december,Wednesday,25,Portland,29-Sep-22,250.75,2500,John,Planning,INFORMATION,2024-03-13T16:48:37.709000,bdf105ff-9c0c-4167-8a73-3aecfeb93d49,1,2024-03-13T10:13:39.625107,174158244454000921b24ce450
81,sep,january,Thursday,24,Austin,07-Feb-14,108.28,10000,Humpty,Critical,CRITICAL,2024-03-13T16:53:37.709000,0864597f-f3df-4c87-91fc-9dd840f73c44,1,2024-03-13T10:13:39.625155,174158244454000920b24ce450
86,feb,june,Tuesday,26,Hyderabad,27-Aug-09,350.25,3500,Dumpty,Critical,CRITICAL,2024-03-13T17:18:37.711000,f56b80f8-a71f-4245-87e0-d98494097e17,1,2024-03-13T10:13:39.625442,174158244454000919b24ce450
83,nov,march,Saturday,26,Hyderabad,22-Jun-17,350.25,3500,Doe,Moderate,MINOR,2024-03-13T17:03:37.710000,bc84129a-d05b-46be-b9c4-0e17b6aa46f0,1,2024-03-13T10:13:39.625254,174158244454000918b24ce450
84,dec,april,Sunday,25,Portland,01-Jul-12,250.75,2500,John,Low,WARNING,2024-03-13T17:08:37.711000,75d455cb-07ef-472c-b8d1-09327ba3ffab,1,2024-03-13T10:13:39.625338,174158244454000917b24ce450
85,jan,may,Monday,24,Hyderabad,20-May-19,108.28,10000,Doe,Planning,INFORMATION,2024-03-13T17:13:37.711000,53179643-e08a-4a56-89e7-5d40cdba0f58,1,2024-03-13T10:13:39.625393,174158244454000916b24ce450
90,jun,january,Saturday,26,Portland,05-Jan-13,350.25,3500,Humpty,Planning,INFORMATION,2024-03-13T17:38:37.712000,c2b3570d-567c-40c9-9c2e-03fcf1e00948,1,2024-03-13T10:13:39.625754,174158244454000915b24ce450
87,mar,july,Wednesday,25,Portland,12-Oct-98,250.75,2500,James,High,MAJOR,2024-03-13T17:23:37.711000,e29031a8-2c02-454b-8efd-b5247595ac98,1,2024-03-13T10:13:39.625516,174158244454000914b24ce450
88,apr,september,Thursday,24,Hyderabad,04-Nov-16,108.28,10000,Bond,Moderate,MINOR,2024-03-13T17:28:37.712000,8182d1c1-d1eb-4db8-bd8e-7c20ff7695ce,1,2024-03-13T10:13:39.625600,174158244454000913b24ce450
89,may,october,Friday,24,Austin,25-Dec-23,108.28,10000,Bond,Low,WARNING,2024-03-13T17:33:37.712000,92339ab4-b801-4d18-b5e7-0dc132580e41,1,2024-03-13T10:13:39.625654,174158244454000912b24ce450
94,oct,may,Wednesday,25,Hyderabad,07-Feb-14,250.75,2500,John,Low,WARNING,2024-03-13T17:58:37.713000,1d083104-7ac8-4b29-971f-38fe304583e3,1,2024-03-13T10:13:39.625960,174158244454000911b24ce450
91,jul,february,Sunday,26,Hyderabad,19-Apr-19,350.25,3500,Humpty,Critical,CRITICAL,2024-03-13T17:43:37.713000,718e645f-ed64-4a19-aa84-590b241fbead,1,2024-03-13T10:13:39.625810,174158244454000910b24ce450
92,aug,march,Monday,24,San Francisco,14-Mar-15,108.28,10000,James,High,MAJOR,2024-03-13T17:48:37.713000,77afec17-5cf4-4582-a34b-92da95746ff3,1,2024-03-13T10:13:39.625861,174158244454000909b24ce450
93,sep,april,Tuesday,26,Hyderabad,29-Sep-22,350.25,3500,James,Moderate,MINOR,2024-03-13T17:53:37.713000,5331f5e7-2112-439c-bd99-54527ac18e2a,1,2024-03-13T10:13:39.625911,174158244454000908b24ce450
62,feb,september,Saturday,26,Hyderabad,01-Jul-12,350.25,3500,James,High,MAJOR,2024-03-13T15:18:37.704000,e5301cf5-2eed-4849-8aa2-ff7c28d62d43,1,2024-03-13T10:13:39.624141,174158244454000942b24ce450
60,dec,july,Thursday,26,Portland,29-Sep-23,350.25,3500,Bond,Planning,INFORMATION,2024-03-13T15:08:37.703000,2a82a261-1362-46e0-879f-05354b9bf15c,1,2024-03-13T10:13:39.624041,174158244454000941b24ce450
61,jan,august,Friday,24,Portland,22-Jun-17,108.28,10000,Humpty,Critical,CRITICAL,2024-03-13T15:13:37.703000,ec07a45e-1c99-4014-8ad3-a83d631c0fd5,1,2024-03-13T10:13:39.624092,174158244454000940b24ce450
66,jun,january,Wednesday,26,Portland,01-Jul-12,350.25,3500,John,Critical,CRITICAL,2024-03-13T15:38:37.705000,2ae70cd9-d4b8-4b6d-8fc4-988d3081946b,1,2024-03-13T10:13:39.624341,174158244454000939b24ce450
63,mar,october,Sunday,24,Portland,07-Feb-14,108.28,10000,Bond,Moderate,MINOR,2024-03-13T15:23:37.704000,7f8888b1-0753-4f03-a4d9-fb49f299de9c,1,2024-03-13T10:13:39.624190,174158244454000938b24ce450
64,apr,november,Monday,24,San Francisco,29-Sep-23,108.28,10000,Bond,Low,WARNING,2024-03-13T15:28:37.704000,87d25555-ef90-4a8a-b858-87e22e13264d,1,2024-03-13T10:13:39.624241,174158244454000937b24ce450
65,may,december,Tuesday,25,Hyderabad,22-Jun-17,250.75,2500,James,Planning,INFORMATION,2024-03-13T15:33:37.704000,9139677f-592a-44dc-a48c-5b3dba561402,1,2024-03-13T10:13:39.624291,174158244454000936b24ce450
70,oct,february,Sunday,24,Austin,01-Jul-12,108.28,10000,Dumpty,Planning,INFORMATION,2024-03-13T15:58:37.706000,f8b28cea-a58b-4ca3-942f-b7c95b926750,1,2024-03-13T10:13:39.624539,174158244454000935b24ce450
67,jul,february,Thursday,25,Portland,07-Feb-14,250.75,2500,John,High,MAJOR,2024-03-13T15:43:37.705000,5995f745-5d35-47b6-86fa-590a351127f0,1,2024-03-13T10:13:39.624390,174158244454000934b24ce450
68,aug,march,Friday,26,Austin,29-Sep-23,350.25,3500,Humpty,Moderate,MINOR,2024-03-13T15:48:37.706000,14ac9eb4-0bbf-409f-a452-255d3ab16474,1,2024-03-13T10:13:39.624439,174158244454000933b24ce450
69,sep,january,Saturday,25,San Francisco,22-Jun-17,250.75,2500,John,Low,WARNING,2024-03-13T15:53:37.706000,d67f9fa7-724d-4e1a-b04e-72f9b0666a18,1,2024-03-13T10:13:39.624489,174158244454000932b24ce450
74,feb,june,Thursday,25,Portland,01-Jul-12,250.75,2500,Doe,Low,WARNING,2024-03-13T16:18:37.707000,0a0db3d7-50e3-46d4-bb77-3de385917de5,1,2024-03-13T10:13:39.624796,174158244454000931b24ce450
71,nov,march,Monday,26,Portland,07-Feb-14,350.25,3500,John,Critical,CRITICAL,2024-03-13T16:03:37.706000,eaa99728-c332-4d34-aebf-4e74ff9388b7,1,2024-03-13T10:13:39.624587,174158244454000930b24ce450
72,dec,april,Tuesday,25,Austin,29-Sep-23,250.75,2500,John,High,MAJOR,2024-03-13T16:08:37.707000,37c1fdd4-de8d-4fba-8445-7f9cc7eb40cb,1,2024-03-13T10:13:39.624637,174158244454000929b24ce450
73,jan,may,Wednesday,25,Hyderabad,22-Jun-17,250.75,2500,Humpty,Moderate,MINOR,2024-03-13T16:13:37.707000,4cc35058-68df-45ef-b5c7-bc2ddf980da5,1,2024-03-13T10:13:39.624687,174158244454000928b24ce450
75,mar,july,Friday,24,San Francisco,07-Feb-14,108.28,10000,Bond,Planning,INFORMATION,2024-03-13T16:23:37.708000,6c453f40-3b0e-45b9-aef3-7aede38d4b16,1,2024-03-13T10:13:39.624857,174158244454000927b24ce450
76,apr,august,Saturday,24,Portland,29-Sep-23,108.28,10000,Dumpty,Critical,CRITICAL,2024-03-13T16:28:37.708000,4c396166-de02-4772-aed8-939b48111648,1,2024-03-13T10:13:39.624908,174158244454000926b24ce450
77,may,september,Sunday,25,San Francisco,05-Jan-13,250.75,2500,Dumpty,High,MAJOR,2024-03-13T16:33:37.708000,1b8e880c-b835-45b0-8f7a-bc7d12299db1,1,2024-03-13T10:13:39.624959,174158244454000925b24ce450
59,nov,june,Wednesday,26,San Francisco,07-Feb-14,350.25,3500,Bond,Low,WARNING,2024-03-13T15:03:37.703000,adbba2d8-3e1b-478b-8f88-0016d3cb48c0,1,2024-03-13T10:13:39.623988,174158244454000953b24ce450
50,feb,december,Monday,26,San Francisco,05-Jan-13,350.25,3500,Dumpty,Planning,INFORMATION,2024-03-13T14:18:37.700000,a362562d-0de7-49d4-851b-b8b08a761409,1,2024-03-13T10:13:39.623145,174158244454000952b24ce450
49,jan,november,Sunday,25,Austin,25-Dec-23,250.75,2500,John,Low,WARNING,2024-03-13T14:13:37.700000,3943efbd-5670-4016-90f8-a4a4bf3a0a22,1,2024-03-13T10:13:39.623025,174158244454000951b24ce450
54,jun,january,Friday,24,Portland,07-Feb-14,108.28,10000,James,Low,WARNING,2024-03-13T14:38:37.701000,265cde7b-efbd-42dd-a887-cc6c7bc9ef9d,1,2024-03-13T10:13:39.623668,174158244454000950b24ce450
51,mar,january,Tuesday,25,Portland,19-Apr-19,250.75,2500,Doe,Critical,CRITICAL,2024-03-13T14:23:37.700000,d01a05ee-4e6f-4dbc-a7ee-bcd6469d272d,1,2024-03-13T10:13:39.623256,174158244454000949b24ce450
52,apr,february,Wednesday,24,San Francisco,14-Mar-15,108.28,10000,Bond,High,MAJOR,2024-03-13T14:28:37.701000,5b5da7bc-5e76-4f16-92b4-3e84036ae04a,1,2024-03-13T10:13:39.623416,174158244454000948b24ce450
53,may,march,Thursday,25,Hyderabad,29-Sep-22,250.75,2500,Humpty,Moderate,MINOR,2024-03-13T14:33:37.701000,5a15942e-6ce0-49ef-b27c-7a72ed05a927,1,2024-03-13T10:13:39.623554,174158244454000947b24ce450
58,oct,may,Tuesday,24,Hyderabad,29-Sep-22,108.28,10000,Dumpty,Moderate,MINOR,2024-03-13T14:58:37.702000,f0b8b1a9-bee6-45f8-9ec7-4c1c9d77e2ba,1,2024-03-13T10:13:39.623914,174158244454000946b24ce450
55,jul,february,Saturday,25,San Francisco,29-Sep-23,250.75,2500,James,Planning,INFORMATION,2024-03-13T14:43:37.702000,c4845beb-01b0-4d2c-992b-34fcd718619b,1,2024-03-13T10:13:39.623759,174158244454000945b24ce450
56,aug,march,Sunday,25,Portland,22-Jun-17,250.75,2500,James,Critical,CRITICAL,2024-03-13T14:48:37.702000,1865fcd6-7df3-4452-8948-5107e9d27ec8,1,2024-03-13T10:13:39.623815,174158244454000944b24ce450
57,sep,april,Monday,24,Austin,14-Mar-15,108.28,10000,Doe,High,MAJOR,2024-03-13T14:53:37.702000,9715aed5-3101-4608-9e76-6a91624b2100,1,2024-03-13T10:13:39.623865,174158244454000943b24ce450
42,jun,march,Sunday,25,Hyderabad,29-Sep-23,250.75,2500,John,High,MAJOR,2024-03-13T13:38:37.697000,3a452390-7a95-49b7-bcae-24a963da67a0,1,2024-03-13T10:13:39.622320,174158244454000962b24ce450
40,apr,january,Friday,24,San Francisco,29-Sep-22,108.28,10000,Bond,Planning,INFORMATION,2024-03-13T13:28:37.696000,180a80e1-f4ee-4ff5-8ffa-8eaa821f1348,1,2024-03-13T10:13:39.622026,174158244454000961b24ce450
41,may,february,Saturday,26,San Francisco,07-Feb-14,350.25,3500,Bond,Critical,CRITICAL,2024-03-13T13:33:37.697000,c15e3040-2977-4aa5-b77f-3d1603eec886,1,2024-03-13T10:13:39.622144,174158244454000960b24ce450
46,oct,july,Thursday,25,Portland,27-Aug-09,250.75,2500,Humpty,Critical,CRITICAL,2024-03-13T13:58:37.699000,72401fba-e4a0-4e5b-949a-a84eacbffb99,1,2024-03-13T10:13:39.622763,174158244454000959b24ce450
43,jul,april,Monday,25,Hyderabad,22-Jun-17,250.75,2500,James,Moderate,MINOR,2024-03-13T13:43:37.697000,9a98206c-681a-4feb-851a-0a386b49c57b,1,2024-03-13T10:13:39.622460,174158244454000958b24ce450
44,aug,may,Tuesday,25,Austin,01-Jul-12,250.75,2500,Bond,Low,WARNING,2024-03-13T13:48:37.698000,abd38c21-1646-4897-beba-427840855aba,1,2024-03-13T10:13:39.622586,174158244454000957b24ce450
45,sep,june,Wednesday,26,San Francisco,20-May-19,350.25,3500,Doe,Planning,INFORMATION,2024-03-13T13:53:37.698000,b7e5a246-207e-41fb-9c49-e14e2862aa45,1,2024-03-13T10:13:39.622701,174158244454000956b24ce450
47,nov,september,Friday,26,Austin,12-Oct-98,350.25,3500,Humpty,High,MAJOR,2024-03-13T14:03:37.699000,ffae78e2-b7fc-49a3-9c33-eaf097036322,1,2024-03-13T10:13:39.622816,174158244454000955b24ce450
48,dec,october,Saturday,25,Hyderabad,04-Nov-16,250.75,2500,Dumpty,Moderate,MINOR,2024-03-13T14:08:37.699000,4129f436-6f81-497c-8103-6d51bb8fa3e7,1,2024-03-13T10:13:39.622936,174158244454000954b24ce450
30,jun,march,Tuesday,25,Portland,04-Nov-16,250.75,2500,Dumpty,Planning,INFORMATION,2024-03-13T12:38:37.693000,988635f6-329d-4ece-a5d7-b0e2beb30620,1,2024-03-13T10:13:39.621216,174158244454000973b24ce450
29,may,february,Monday,26,Portland,12-Oct-98,350.25,3500,Doe,Low,WARNING,2024-03-13T12:33:37.693000,07f167a3-0eaf-4b1a-a75f-adec46b4d987,1,2024-03-13T10:13:39.621086,174158244454000972b24ce450
34,oct,july,Saturday,24,Austin,14-Mar-15,108.28,10000,Bond,Low,WARNING,2024-03-13T12:58:37.694000,b3fb5237-fc69-4a88-876e-229612cb0fc4,1,2024-03-13T10:13:39.621448,174158244454000971b24ce450
31,jul,april,Wednesday,25,Hyderabad,25-Dec-23,250.75,2500,Dumpty,Critical,CRITICAL,2024-03-13T12:43:37.693000,fd5a40ad-cd54-4cc4-aef3-316b0a4900ea,1,2024-03-13T10:13:39.621276,174158244454000970b24ce450
32,aug,may,Thursday,24,Hyderabad,05-Jan-13,108.28,10000,John,High,MAJOR,2024-03-13T12:48:37.694000,7f748ca1-16a3-41e7-b1e4-a068ae089684,1,2024-03-13T10:13:39.621327,174158244454000969b24ce450
33,sep,june,Friday,24,Hyderabad,19-Apr-19,108.28,10000,James,Moderate,MINOR,2024-03-13T12:53:37.694000,1c6551f5-0b6a-46bf-9e44-734cb9c1db1f,1,2024-03-13T10:13:39.621377,174158244454000968b24ce450
38,feb,november,Wednesday,25,Hyderabad,22-Jun-17,250.75,2500,Humpty,Moderate,MINOR,2024-03-13T13:18:37.696000,6f6d3244-b98c-48ac-840c-4b72dcae7142,1,2024-03-13T10:13:39.621796,174158244454000967b24ce450
35,nov,august,Sunday,26,Hyderabad,29-Sep-22,350.25,3500,Doe,Planning,INFORMATION,2024-03-13T13:03:37.695000,01bb94af-a834-4891-a296-dce0d3b563b6,1,2024-03-13T10:13:39.621600,174158244454000966b24ce450
36,dec,september,Monday,24,Portland,07-Feb-14,108.28,10000,Bond,Critical,CRITICAL,2024-03-13T13:08:37.695000,7a078a90-064a-4d5d-97e0-99a0b365e7ed,1,2024-03-13T10:13:39.621670,174158244454000965b24ce450
37,jan,october,Tuesday,25,San Francisco,29-Sep-23,250.75,2500,Humpty,High,MAJOR,2024-03-13T13:13:37.696000,490889c8-7d40-44b9-ba57-18fdbbae673c,1,2024-03-13T10:13:39.621722,174158244454000964b24ce450
39,mar,december,Thursday,25,Hyderabad,14-Mar-15,250.75,2500,Humpty,Low,WARNING,2024-03-13T13:23:37.696000,5382a81f-c8b1-4b61-af2e-3475f6835652,1,2024-03-13T10:13:39.621912,174158244454000963b24ce450
22,oct,october,Monday,24,Portland,29-Sep-22,108.28,10000,Dumpty,High,MAJOR,2024-03-13T11:58:37.691000,f76c7d06-7460-4a52-8f52-d638cf448e17,1,2024-03-13T10:13:39.620255,174158244454000983b24ce450
19,jul,july,Friday,25,Hyderabad,05-Jan-13,250.75,2500,Humpty,Low,WARNING,2024-03-13T11:43:37.690000,32d0ca79-1bf5-463b-8f83-9f8c4b253695,1,2024-03-13T10:13:39.620025,174158244454000982b24ce450
20,aug,august,Saturday,24,Portland,19-Apr-19,108.28,10000,Doe,Planning,INFORMATION,2024-03-13T11:48:37.690000,f10cf0db-3aea-41a9-9ce2-bbdbea006022,1,2024-03-13T10:13:39.620073,174158244454000981b24ce450
21,sep,september,Sunday,26,San Francisco,14-Mar-15,350.25,3500,Humpty,Critical,CRITICAL,2024-03-13T11:53:37.691000,1d7bbd5f-4d4c-4582-ae81-6b7dd69d0665,1,2024-03-13T10:13:39.620144,174158244454000980b24ce450
26,feb,february,Friday,25,San Francisco,01-Jul-12,250.75,2500,Humpty,Critical,CRITICAL,2024-03-13T12:18:37.692000,5218129e-5781-43ff-b96f-166e4d4ad809,1,2024-03-13T10:13:39.620674,174158244454000979b24ce450
23,nov,november,Tuesday,25,San Francisco,07-Feb-14,250.75,2500,James,Moderate,MINOR,2024-03-13T12:03:37.691000,95e2ac4e-2fd6-45b2-91e8-9d6e9e45e51b,1,2024-03-13T10:13:39.620330,174158244454000978b24ce450
24,dec,december,Wednesday,26,Portland,29-Sep-23,350.25,3500,James,Low,WARNING,2024-03-13T12:08:37.691000,5bbad1f9-e391-4946-9cfd-fbd94c4d73ba,1,2024-03-13T10:13:39.620413,174158244454000977b24ce450
25,jan,january,Thursday,24,Hyderabad,22-Jun-17,108.28,10000,John,Planning,INFORMATION,2024-03-13T12:13:37.692000,f805e5fe-bcaf-453a-9da5-fac1a974846d,1,2024-03-13T10:13:39.620548,174158244454000976b24ce450
27,mar,march,Saturday,26,Hyderabad,20-May-19,350.25,3500,Doe,High,MAJOR,2024-03-13T12:23:37.692000,83a44f9f-e2e9-4f1a-8643-de80e326c5e6,1,2024-03-13T10:13:39.620827,174158244454000975b24ce450
28,apr,january,Sunday,24,Hyderabad,27-Aug-09,108.28,10000,John,Moderate,MINOR,2024-03-13T12:28:37.693000,aed9fdec-b364-4dc4-b918-50006a4a7ab6,1,2024-03-13T10:13:39.620958,174158244454000974b24ce450
10,oct,october,Wednesday,24,Portland,27-Aug-09,108.28,10000,Humpty,Planning,INFORMATION,2024-03-13T10:58:37.687000,0b7485a3-99d5-4d10-86cb-ef2653ba96ea,1,2024-03-13T10:13:39.619260,174158244454000995b24ce450
7,jul,july,Sunday,26,Hyderabad,22-Jun-17,350.25,3500,John,High,MAJOR,2024-03-13T10:43:37.686000,d694047a-7e8f-4707-b118-915872d98f86,1,2024-03-13T10:13:39.619057,174158244454000994b24ce450
8,aug,august,Monday,25,Austin,01-Jul-12,250.75,2500,Humpty,Moderate,MINOR,2024-03-13T10:48:37.687000,8e1f211c-5d0b-4673-96c0-792a3d7463b4,1,2024-03-13T10:13:39.619113,174158244454000993b24ce450
9,sep,september,Tuesday,25,Portland,20-May-19,250.75,2500,Dumpty,Low,WARNING,2024-03-13T10:53:37.687000,7d60b602-f25d-40fb-bf7a-613051e10ef2,1,2024-03-13T10:13:39.619204,174158244454000992b24ce450
14,feb,february,Sunday,25,Hyderabad,05-Jan-13,250.75,2500,Doe,Low,WARNING,2024-03-13T11:18:37.688000,3e7347ad-ead0-47e0-9b53-b6fe644349f9,1,2024-03-13T10:13:39.619614,174158244454000991b24ce450
11,nov,november,Thursday,25,Portland,12-Oct-98,250.75,2500,John,Critical,CRITICAL,2024-03-13T11:03:37.687000,c9bb3a4d-cfb9-4499-9751-e92c87b8c95e,1,2024-03-13T10:13:39.619309,174158244454000990b24ce450
12,dec,december,Friday,26,San Francisco,04-Nov-16,350.25,3500,Dumpty,High,MAJOR,2024-03-13T11:08:37.688000,fe578068-95bb-4625-aa7b-300e0d81af01,1,2024-03-13T10:13:39.619359,174158244454000989b24ce450
13,jan,january,Saturday,24,Hyderabad,25-Dec-23,108.28,10000,John,Moderate,MINOR,2024-03-13T11:13:37.688000,6683bff6-8cbe-487f-b807-abc94b091638,1,2024-03-13T10:13:39.619527,174158244454000988b24ce450
18,jun,june,Thursday,26,Portland,07-Feb-14,350.25,3500,Dumpty,Moderate,MINOR,2024-03-13T11:38:37.690000,6b23b989-234e-425b-8094-a274e3742160,1,2024-03-13T10:13:39.619976,174158244454000987b24ce450
15,mar,march,Monday,24,Austin,19-Apr-19,108.28,10000,James,Planning,INFORMATION,2024-03-13T11:23:37.689000,b5bf2197-29e2-4720-be16-a7743a600f34,1,2024-03-13T10:13:39.619688,174158244454000986b24ce450
16,apr,april,Tuesday,26,San Francisco,14-Mar-15,350.25,3500,James,Critical,CRITICAL,2024-03-13T11:28:37.689000,84df341e-4b83-4758-8db6-f3f81e8a1ef0,1,2024-03-13T10:13:39.619798,174158244454000985b24ce450
17,may,may,Wednesday,26,San Francisco,29-Sep-22,350.25,3500,John,High,MAJOR,2024-03-13T11:33:37.689000,bcf3b15d-9340-4c06-aabe-921aef51d087,1,2024-03-13T10:13:39.619921,174158244454000984b24ce450
2,feb,february,Tuesday,26,Portland,19-Apr-19,350.25,3500,Dumpty,High,MAJOR,2024-03-13T10:18:37.685000,feb41017-36d4-4a16-a8c6-10c06a5bf3e6,1,2024-03-13T10:13:39.618743,174158244469501001b24ce450
1,jan,january,Monday,25,Austin,05-Jan-13,250.75,2500,John,Critical,CRITICAL,2024-03-13T10:13:37.685000,b9f914f9-bea0-43bf-b03a-2d67b845e829,1,2024-03-13T10:13:39.618667,174158244454001000b24ce450
6,jun,june,Saturday,26,Portland,29-Sep-23,350.25,3500,James,Critical,CRITICAL,2024-03-13T10:38:37.686000,6e721af9-7944-431f-be5f-060c41211b2e,1,2024-03-13T10:13:39.618974,174158244454000999b24ce450
3,mar,march,Wednesday,25,San Francisco,14-Mar-15,250.75,2500,Bond,Moderate,MINOR,2024-03-13T10:23:37.685000,c44186d1-2856-4b85-88d3-f3fa4413eb11,1,2024-03-13T10:13:39.618817,174158244454000998b24ce450
4,apr,april,Thursday,25,San Francisco,29-Sep-22,250.75,2500,Humpty,Low,WARNING,2024-03-13T10:28:37.685000,8d6a657e-7b0e-42a3-8a78-24ee1bf14934,1,2024-03-13T10:13:39.618874,174158244454000997b24ce450
5,may,may,Friday,26,San Francisco,07-Feb-14,350.25,3500,Bond,Planning,INFORMATION,2024-03-13T10:33:37.686000,fd23c116-77df-46e5-b88f-c9c78cf9c1b4,1,2024-03-13T10:13:39.618923,174158244454000996b24ce450